(kicad_pcb (version 20171130) (host pcbnew "(5.1.2)-2")

  (general
    (thickness 1.6)
    (drawings 0)
    (tracks 0)
    (zones 0)
    (modules 28)
    (nets 22)
  )

  (page A4)
  (layers
    (0 F.Cu signal)
    (31 B.Cu signal)
    (32 B.Adhes user)
    (33 F.Adhes user)
    (34 B.Paste user)
    (35 F.Paste user)
    (36 B.SilkS user)
    (37 F.SilkS user)
    (38 B.Mask user)
    (39 F.Mask user)
    (40 Dwgs.User user)
    (41 Cmts.User user)
    (42 Eco1.User user)
    (43 Eco2.User user)
    (44 Edge.Cuts user)
    (45 Margin user)
    (46 B.CrtYd user)
    (47 F.CrtYd user)
    (48 B.Fab user)
    (49 F.Fab user)
  )

  (setup
    (last_trace_width 0.25)
    (trace_clearance 0.2)
    (zone_clearance 0.508)
    (zone_45_only no)
    (trace_min 0.2)
    (via_size 0.8)
    (via_drill 0.4)
    (via_min_size 0.4)
    (via_min_drill 0.3)
    (uvia_size 0.3)
    (uvia_drill 0.1)
    (uvias_allowed no)
    (uvia_min_size 0.2)
    (uvia_min_drill 0.1)
    (edge_width 0.05)
    (segment_width 0.2)
    (pcb_text_width 0.3)
    (pcb_text_size 1.5 1.5)
    (mod_edge_width 0.12)
    (mod_text_size 1 1)
    (mod_text_width 0.15)
    (pad_size 1.524 1.524)
    (pad_drill 0.762)
    (pad_to_mask_clearance 0.051)
    (solder_mask_min_width 0.25)
    (aux_axis_origin 0 0)
    (visible_elements FFFFFF7F)
    (pcbplotparams
      (layerselection 0x010fc_ffffffff)
      (usegerberextensions false)
      (usegerberattributes false)
      (usegerberadvancedattributes false)
      (creategerberjobfile false)
      (excludeedgelayer true)
      (linewidth 0.100000)
      (plotframeref false)
      (viasonmask false)
      (mode 1)
      (useauxorigin false)
      (hpglpennumber 1)
      (hpglpenspeed 20)
      (hpglpendiameter 15.000000)
      (psnegative false)
      (psa4output false)
      (plotreference true)
      (plotvalue true)
      (plotinvisibletext false)
      (padsonsilk false)
      (subtractmaskfromsilk false)
      (outputformat 1)
      (mirror false)
      (drillshape 1)
      (scaleselection 1)
      (outputdirectory ""))
  )

  (net 0 "")
  (net 1 GNDD)
  (net 2 VCC)
  (net 3 GNDA)
  (net 4 VDDA)
  (net 5 +5V)
  (net 6 /LED0)
  (net 7 "Net-(D1-Pad2)")
  (net 8 "Net-(D2-Pad2)")
  (net 9 /LED1)
  (net 10 "Net-(D3-Pad1)")
  (net 11 "Net-(D4-Pad1)")
  (net 12 "Net-(IC1-Pad4)")
  (net 13 /EX_IN1)
  (net 14 /EN_IN0)
  (net 15 "Net-(IC2-Pad4)")
  (net 16 /TX_OUT1)
  (net 17 /TX_OUT0)
  (net 18 "Net-(IC6-Pad2)")
  (net 19 /RX_IN1)
  (net 20 "Net-(IC7-Pad2)")
  (net 21 /RX_IN0)

  (net_class Default "これはデフォルトのネット クラスです。"
    (clearance 0.2)
    (trace_width 0.25)
    (via_dia 0.8)
    (via_drill 0.4)
    (uvia_dia 0.3)
    (uvia_drill 0.1)
    (add_net +5V)
    (add_net /EN_IN0)
    (add_net /EX_IN1)
    (add_net /LED0)
    (add_net /LED1)
    (add_net /RX_IN0)
    (add_net /RX_IN1)
    (add_net /TX_OUT0)
    (add_net /TX_OUT1)
    (add_net GNDA)
    (add_net GNDD)
    (add_net "Net-(D1-Pad2)")
    (add_net "Net-(D2-Pad2)")
    (add_net "Net-(D3-Pad1)")
    (add_net "Net-(D4-Pad1)")
    (add_net "Net-(IC1-Pad4)")
    (add_net "Net-(IC2-Pad4)")
    (add_net "Net-(IC6-Pad2)")
    (add_net "Net-(IC7-Pad2)")
    (add_net VCC)
    (add_net VDDA)
  )

  (module Capacitors_SMD:C_1206_HandSoldering (layer F.Cu) (tedit 58AA84D1) (tstamp 5D206E32)
    (at 135.636 105.251 90)
    (descr "Capacitor SMD 1206, hand soldering")
    (tags "capacitor 1206")
    (path /5D2799FA)
    (attr smd)
    (fp_text reference C1 (at 0 -1.75 90) (layer F.SilkS)
      (effects (font (size 1 1) (thickness 0.15)))
    )
    (fp_text value 0.1u (at 0 2 90) (layer F.Fab)
      (effects (font (size 1 1) (thickness 0.15)))
    )
    (fp_line (start 3.25 1.05) (end -3.25 1.05) (layer F.CrtYd) (width 0.05))
    (fp_line (start 3.25 1.05) (end 3.25 -1.05) (layer F.CrtYd) (width 0.05))
    (fp_line (start -3.25 -1.05) (end -3.25 1.05) (layer F.CrtYd) (width 0.05))
    (fp_line (start -3.25 -1.05) (end 3.25 -1.05) (layer F.CrtYd) (width 0.05))
    (fp_line (start -1 1.02) (end 1 1.02) (layer F.SilkS) (width 0.12))
    (fp_line (start 1 -1.02) (end -1 -1.02) (layer F.SilkS) (width 0.12))
    (fp_line (start -1.6 -0.8) (end 1.6 -0.8) (layer F.Fab) (width 0.1))
    (fp_line (start 1.6 -0.8) (end 1.6 0.8) (layer F.Fab) (width 0.1))
    (fp_line (start 1.6 0.8) (end -1.6 0.8) (layer F.Fab) (width 0.1))
    (fp_line (start -1.6 0.8) (end -1.6 -0.8) (layer F.Fab) (width 0.1))
    (fp_text user %R (at 0 -1.75 90) (layer F.Fab)
      (effects (font (size 1 1) (thickness 0.15)))
    )
    (pad 2 smd rect (at 2 0 90) (size 2 1.6) (layers F.Cu F.Paste F.Mask)
      (net 1 GNDD))
    (pad 1 smd rect (at -2 0 90) (size 2 1.6) (layers F.Cu F.Paste F.Mask)
      (net 2 VCC))
    (model Capacitors_SMD.3dshapes/C_1206.wrl
      (at (xyz 0 0 0))
      (scale (xyz 1 1 1))
      (rotate (xyz 0 0 0))
    )
  )

  (module Capacitors_SMD:C_1206_HandSoldering (layer F.Cu) (tedit 58AA84D1) (tstamp 5D206E43)
    (at 135.509 79.724 90)
    (descr "Capacitor SMD 1206, hand soldering")
    (tags "capacitor 1206")
    (path /5D27A4EF)
    (attr smd)
    (fp_text reference C2 (at 0 -1.75 90) (layer F.SilkS)
      (effects (font (size 1 1) (thickness 0.15)))
    )
    (fp_text value 0.1u (at 0 2 90) (layer F.Fab)
      (effects (font (size 1 1) (thickness 0.15)))
    )
    (fp_text user %R (at 0 -1.75 90) (layer F.Fab)
      (effects (font (size 1 1) (thickness 0.15)))
    )
    (fp_line (start -1.6 0.8) (end -1.6 -0.8) (layer F.Fab) (width 0.1))
    (fp_line (start 1.6 0.8) (end -1.6 0.8) (layer F.Fab) (width 0.1))
    (fp_line (start 1.6 -0.8) (end 1.6 0.8) (layer F.Fab) (width 0.1))
    (fp_line (start -1.6 -0.8) (end 1.6 -0.8) (layer F.Fab) (width 0.1))
    (fp_line (start 1 -1.02) (end -1 -1.02) (layer F.SilkS) (width 0.12))
    (fp_line (start -1 1.02) (end 1 1.02) (layer F.SilkS) (width 0.12))
    (fp_line (start -3.25 -1.05) (end 3.25 -1.05) (layer F.CrtYd) (width 0.05))
    (fp_line (start -3.25 -1.05) (end -3.25 1.05) (layer F.CrtYd) (width 0.05))
    (fp_line (start 3.25 1.05) (end 3.25 -1.05) (layer F.CrtYd) (width 0.05))
    (fp_line (start 3.25 1.05) (end -3.25 1.05) (layer F.CrtYd) (width 0.05))
    (pad 1 smd rect (at -2 0 90) (size 2 1.6) (layers F.Cu F.Paste F.Mask)
      (net 2 VCC))
    (pad 2 smd rect (at 2 0 90) (size 2 1.6) (layers F.Cu F.Paste F.Mask)
      (net 1 GNDD))
    (model Capacitors_SMD.3dshapes/C_1206.wrl
      (at (xyz 0 0 0))
      (scale (xyz 1 1 1))
      (rotate (xyz 0 0 0))
    )
  )

  (module Capacitors_SMD:CP_Elec_4x4.5 (layer F.Cu) (tedit 58AA85E3) (tstamp 5D206E5F)
    (at 209.169 128.778 90)
    (descr "SMT capacitor, aluminium electrolytic, 4x4.5")
    (path /5D278C28)
    (attr smd)
    (fp_text reference C3 (at 0 3.58 270) (layer F.SilkS)
      (effects (font (size 1 1) (thickness 0.15)))
    )
    (fp_text value 0.33u (at 0 -3.45 270) (layer F.Fab)
      (effects (font (size 1 1) (thickness 0.15)))
    )
    (fp_line (start 3.35 2.37) (end -3.35 2.37) (layer F.CrtYd) (width 0.05))
    (fp_line (start 3.35 2.37) (end 3.35 -2.4) (layer F.CrtYd) (width 0.05))
    (fp_line (start -3.35 -2.4) (end -3.35 2.37) (layer F.CrtYd) (width 0.05))
    (fp_line (start -3.35 -2.4) (end 3.35 -2.4) (layer F.CrtYd) (width 0.05))
    (fp_line (start -1.52 2.27) (end -2.29 1.51) (layer F.SilkS) (width 0.12))
    (fp_line (start -1.52 2.27) (end 2.29 2.27) (layer F.SilkS) (width 0.12))
    (fp_line (start -1.52 -2.3) (end -2.29 -1.54) (layer F.SilkS) (width 0.12))
    (fp_line (start -1.52 -2.3) (end 2.29 -2.3) (layer F.SilkS) (width 0.12))
    (fp_line (start -2.29 -1.54) (end -2.29 -1.13) (layer F.SilkS) (width 0.12))
    (fp_line (start -2.29 1.51) (end -2.29 1.1) (layer F.SilkS) (width 0.12))
    (fp_line (start 2.29 2.27) (end 2.29 1.1) (layer F.SilkS) (width 0.12))
    (fp_line (start 2.29 -2.3) (end 2.29 -1.13) (layer F.SilkS) (width 0.12))
    (fp_line (start 2.13 -2.15) (end -1.46 -2.15) (layer F.Fab) (width 0.1))
    (fp_line (start -1.46 -2.15) (end -2.13 -1.47) (layer F.Fab) (width 0.1))
    (fp_line (start -2.13 -1.47) (end -2.13 1.45) (layer F.Fab) (width 0.1))
    (fp_line (start -2.13 1.45) (end -1.46 2.12) (layer F.Fab) (width 0.1))
    (fp_line (start -1.46 2.12) (end 2.13 2.12) (layer F.Fab) (width 0.1))
    (fp_line (start 2.13 2.12) (end 2.13 -2.15) (layer F.Fab) (width 0.1))
    (fp_text user %R (at 0 3.58 270) (layer F.Fab)
      (effects (font (size 1 1) (thickness 0.15)))
    )
    (fp_text user + (at -2.78 1.99 270) (layer F.SilkS)
      (effects (font (size 1 1) (thickness 0.15)))
    )
    (fp_text user + (at -1.24 -0.08 90) (layer F.Fab)
      (effects (font (size 1 1) (thickness 0.15)))
    )
    (fp_circle (center 0 0) (end 0.1 2.1) (layer F.Fab) (width 0.1))
    (pad 2 smd rect (at 1.8 0 270) (size 2.6 1.6) (layers F.Cu F.Paste F.Mask)
      (net 3 GNDA))
    (pad 1 smd rect (at -1.8 0 270) (size 2.6 1.6) (layers F.Cu F.Paste F.Mask)
      (net 4 VDDA))
    (model Capacitors_SMD.3dshapes/CP_Elec_4x4.5.wrl
      (at (xyz 0 0 0))
      (scale (xyz 1 1 1))
      (rotate (xyz 0 0 180))
    )
  )

  (module Capacitors_SMD:C_1206_HandSoldering (layer F.Cu) (tedit 58AA84D1) (tstamp 5D206E70)
    (at 141.097 105.759 90)
    (descr "Capacitor SMD 1206, hand soldering")
    (tags "capacitor 1206")
    (path /5D2792C4)
    (attr smd)
    (fp_text reference C4 (at 0 -1.75 90) (layer F.SilkS)
      (effects (font (size 1 1) (thickness 0.15)))
    )
    (fp_text value 0.1u (at 0 2 90) (layer F.Fab)
      (effects (font (size 1 1) (thickness 0.15)))
    )
    (fp_line (start 3.25 1.05) (end -3.25 1.05) (layer F.CrtYd) (width 0.05))
    (fp_line (start 3.25 1.05) (end 3.25 -1.05) (layer F.CrtYd) (width 0.05))
    (fp_line (start -3.25 -1.05) (end -3.25 1.05) (layer F.CrtYd) (width 0.05))
    (fp_line (start -3.25 -1.05) (end 3.25 -1.05) (layer F.CrtYd) (width 0.05))
    (fp_line (start -1 1.02) (end 1 1.02) (layer F.SilkS) (width 0.12))
    (fp_line (start 1 -1.02) (end -1 -1.02) (layer F.SilkS) (width 0.12))
    (fp_line (start -1.6 -0.8) (end 1.6 -0.8) (layer F.Fab) (width 0.1))
    (fp_line (start 1.6 -0.8) (end 1.6 0.8) (layer F.Fab) (width 0.1))
    (fp_line (start 1.6 0.8) (end -1.6 0.8) (layer F.Fab) (width 0.1))
    (fp_line (start -1.6 0.8) (end -1.6 -0.8) (layer F.Fab) (width 0.1))
    (fp_text user %R (at 0 -1.75 90) (layer F.Fab)
      (effects (font (size 1 1) (thickness 0.15)))
    )
    (pad 2 smd rect (at 2 0 90) (size 2 1.6) (layers F.Cu F.Paste F.Mask)
      (net 3 GNDA))
    (pad 1 smd rect (at -2 0 90) (size 2 1.6) (layers F.Cu F.Paste F.Mask)
      (net 5 +5V))
    (model Capacitors_SMD.3dshapes/C_1206.wrl
      (at (xyz 0 0 0))
      (scale (xyz 1 1 1))
      (rotate (xyz 0 0 0))
    )
  )

  (module Capacitors_SMD:C_1206_HandSoldering (layer F.Cu) (tedit 58AA84D1) (tstamp 5D206E81)
    (at 140.589 79.724 90)
    (descr "Capacitor SMD 1206, hand soldering")
    (tags "capacitor 1206")
    (path /5D279D8F)
    (attr smd)
    (fp_text reference C5 (at 0 -1.75 90) (layer F.SilkS)
      (effects (font (size 1 1) (thickness 0.15)))
    )
    (fp_text value 0.1u (at 0 2 90) (layer F.Fab)
      (effects (font (size 1 1) (thickness 0.15)))
    )
    (fp_text user %R (at 0 -1.75 90) (layer F.Fab)
      (effects (font (size 1 1) (thickness 0.15)))
    )
    (fp_line (start -1.6 0.8) (end -1.6 -0.8) (layer F.Fab) (width 0.1))
    (fp_line (start 1.6 0.8) (end -1.6 0.8) (layer F.Fab) (width 0.1))
    (fp_line (start 1.6 -0.8) (end 1.6 0.8) (layer F.Fab) (width 0.1))
    (fp_line (start -1.6 -0.8) (end 1.6 -0.8) (layer F.Fab) (width 0.1))
    (fp_line (start 1 -1.02) (end -1 -1.02) (layer F.SilkS) (width 0.12))
    (fp_line (start -1 1.02) (end 1 1.02) (layer F.SilkS) (width 0.12))
    (fp_line (start -3.25 -1.05) (end 3.25 -1.05) (layer F.CrtYd) (width 0.05))
    (fp_line (start -3.25 -1.05) (end -3.25 1.05) (layer F.CrtYd) (width 0.05))
    (fp_line (start 3.25 1.05) (end 3.25 -1.05) (layer F.CrtYd) (width 0.05))
    (fp_line (start 3.25 1.05) (end -3.25 1.05) (layer F.CrtYd) (width 0.05))
    (pad 1 smd rect (at -2 0 90) (size 2 1.6) (layers F.Cu F.Paste F.Mask)
      (net 5 +5V))
    (pad 2 smd rect (at 2 0 90) (size 2 1.6) (layers F.Cu F.Paste F.Mask)
      (net 3 GNDA))
    (model Capacitors_SMD.3dshapes/C_1206.wrl
      (at (xyz 0 0 0))
      (scale (xyz 1 1 1))
      (rotate (xyz 0 0 0))
    )
  )

  (module Capacitors_SMD:C_1206_HandSoldering (layer F.Cu) (tedit 58AA84D1) (tstamp 5D206E92)
    (at 155.702 110.204 90)
    (descr "Capacitor SMD 1206, hand soldering")
    (tags "capacitor 1206")
    (path /5D27963F)
    (attr smd)
    (fp_text reference C6 (at 0 -1.75 90) (layer F.SilkS)
      (effects (font (size 1 1) (thickness 0.15)))
    )
    (fp_text value 0.1u (at 0 2 90) (layer F.Fab)
      (effects (font (size 1 1) (thickness 0.15)))
    )
    (fp_text user %R (at 0 -1.75 90) (layer F.Fab)
      (effects (font (size 1 1) (thickness 0.15)))
    )
    (fp_line (start -1.6 0.8) (end -1.6 -0.8) (layer F.Fab) (width 0.1))
    (fp_line (start 1.6 0.8) (end -1.6 0.8) (layer F.Fab) (width 0.1))
    (fp_line (start 1.6 -0.8) (end 1.6 0.8) (layer F.Fab) (width 0.1))
    (fp_line (start -1.6 -0.8) (end 1.6 -0.8) (layer F.Fab) (width 0.1))
    (fp_line (start 1 -1.02) (end -1 -1.02) (layer F.SilkS) (width 0.12))
    (fp_line (start -1 1.02) (end 1 1.02) (layer F.SilkS) (width 0.12))
    (fp_line (start -3.25 -1.05) (end 3.25 -1.05) (layer F.CrtYd) (width 0.05))
    (fp_line (start -3.25 -1.05) (end -3.25 1.05) (layer F.CrtYd) (width 0.05))
    (fp_line (start 3.25 1.05) (end 3.25 -1.05) (layer F.CrtYd) (width 0.05))
    (fp_line (start 3.25 1.05) (end -3.25 1.05) (layer F.CrtYd) (width 0.05))
    (pad 1 smd rect (at -2 0 90) (size 2 1.6) (layers F.Cu F.Paste F.Mask)
      (net 2 VCC))
    (pad 2 smd rect (at 2 0 90) (size 2 1.6) (layers F.Cu F.Paste F.Mask)
      (net 1 GNDD))
    (model Capacitors_SMD.3dshapes/C_1206.wrl
      (at (xyz 0 0 0))
      (scale (xyz 1 1 1))
      (rotate (xyz 0 0 0))
    )
  )

  (module Capacitors_SMD:C_1206_HandSoldering (layer F.Cu) (tedit 58AA84D1) (tstamp 5D206EA3)
    (at 155.575 83.915 90)
    (descr "Capacitor SMD 1206, hand soldering")
    (tags "capacitor 1206")
    (path /5D27A136)
    (attr smd)
    (fp_text reference C7 (at 0 -1.75 90) (layer F.SilkS)
      (effects (font (size 1 1) (thickness 0.15)))
    )
    (fp_text value 0.1u (at 0 2 90) (layer F.Fab)
      (effects (font (size 1 1) (thickness 0.15)))
    )
    (fp_line (start 3.25 1.05) (end -3.25 1.05) (layer F.CrtYd) (width 0.05))
    (fp_line (start 3.25 1.05) (end 3.25 -1.05) (layer F.CrtYd) (width 0.05))
    (fp_line (start -3.25 -1.05) (end -3.25 1.05) (layer F.CrtYd) (width 0.05))
    (fp_line (start -3.25 -1.05) (end 3.25 -1.05) (layer F.CrtYd) (width 0.05))
    (fp_line (start -1 1.02) (end 1 1.02) (layer F.SilkS) (width 0.12))
    (fp_line (start 1 -1.02) (end -1 -1.02) (layer F.SilkS) (width 0.12))
    (fp_line (start -1.6 -0.8) (end 1.6 -0.8) (layer F.Fab) (width 0.1))
    (fp_line (start 1.6 -0.8) (end 1.6 0.8) (layer F.Fab) (width 0.1))
    (fp_line (start 1.6 0.8) (end -1.6 0.8) (layer F.Fab) (width 0.1))
    (fp_line (start -1.6 0.8) (end -1.6 -0.8) (layer F.Fab) (width 0.1))
    (fp_text user %R (at 0 -1.75 90) (layer F.Fab)
      (effects (font (size 1 1) (thickness 0.15)))
    )
    (pad 2 smd rect (at 2 0 90) (size 2 1.6) (layers F.Cu F.Paste F.Mask)
      (net 1 GNDD))
    (pad 1 smd rect (at -2 0 90) (size 2 1.6) (layers F.Cu F.Paste F.Mask)
      (net 2 VCC))
    (model Capacitors_SMD.3dshapes/C_1206.wrl
      (at (xyz 0 0 0))
      (scale (xyz 1 1 1))
      (rotate (xyz 0 0 0))
    )
  )

  (module Capacitors_SMD:C_1206_HandSoldering (layer F.Cu) (tedit 58AA84D1) (tstamp 5D206EB4)
    (at 84.487 86.868)
    (descr "Capacitor SMD 1206, hand soldering")
    (tags "capacitor 1206")
    (path /5D25FAC9)
    (attr smd)
    (fp_text reference D1 (at 0 -1.75) (layer F.SilkS)
      (effects (font (size 1 1) (thickness 0.15)))
    )
    (fp_text value LED (at 0 2) (layer F.Fab)
      (effects (font (size 1 1) (thickness 0.15)))
    )
    (fp_text user %R (at 0 -1.75) (layer F.Fab)
      (effects (font (size 1 1) (thickness 0.15)))
    )
    (fp_line (start -1.6 0.8) (end -1.6 -0.8) (layer F.Fab) (width 0.1))
    (fp_line (start 1.6 0.8) (end -1.6 0.8) (layer F.Fab) (width 0.1))
    (fp_line (start 1.6 -0.8) (end 1.6 0.8) (layer F.Fab) (width 0.1))
    (fp_line (start -1.6 -0.8) (end 1.6 -0.8) (layer F.Fab) (width 0.1))
    (fp_line (start 1 -1.02) (end -1 -1.02) (layer F.SilkS) (width 0.12))
    (fp_line (start -1 1.02) (end 1 1.02) (layer F.SilkS) (width 0.12))
    (fp_line (start -3.25 -1.05) (end 3.25 -1.05) (layer F.CrtYd) (width 0.05))
    (fp_line (start -3.25 -1.05) (end -3.25 1.05) (layer F.CrtYd) (width 0.05))
    (fp_line (start 3.25 1.05) (end 3.25 -1.05) (layer F.CrtYd) (width 0.05))
    (fp_line (start 3.25 1.05) (end -3.25 1.05) (layer F.CrtYd) (width 0.05))
    (pad 1 smd rect (at -2 0) (size 2 1.6) (layers F.Cu F.Paste F.Mask)
      (net 6 /LED0))
    (pad 2 smd rect (at 2 0) (size 2 1.6) (layers F.Cu F.Paste F.Mask)
      (net 7 "Net-(D1-Pad2)"))
    (model Capacitors_SMD.3dshapes/C_1206.wrl
      (at (xyz 0 0 0))
      (scale (xyz 1 1 1))
      (rotate (xyz 0 0 0))
    )
  )

  (module Capacitors_SMD:C_1206_HandSoldering (layer F.Cu) (tedit 58AA84D1) (tstamp 5D206EC5)
    (at 84.36 89.535)
    (descr "Capacitor SMD 1206, hand soldering")
    (tags "capacitor 1206")
    (path /5D2601DB)
    (attr smd)
    (fp_text reference D2 (at 0 -1.75) (layer F.SilkS)
      (effects (font (size 1 1) (thickness 0.15)))
    )
    (fp_text value LED (at 0 2) (layer F.Fab)
      (effects (font (size 1 1) (thickness 0.15)))
    )
    (fp_line (start 3.25 1.05) (end -3.25 1.05) (layer F.CrtYd) (width 0.05))
    (fp_line (start 3.25 1.05) (end 3.25 -1.05) (layer F.CrtYd) (width 0.05))
    (fp_line (start -3.25 -1.05) (end -3.25 1.05) (layer F.CrtYd) (width 0.05))
    (fp_line (start -3.25 -1.05) (end 3.25 -1.05) (layer F.CrtYd) (width 0.05))
    (fp_line (start -1 1.02) (end 1 1.02) (layer F.SilkS) (width 0.12))
    (fp_line (start 1 -1.02) (end -1 -1.02) (layer F.SilkS) (width 0.12))
    (fp_line (start -1.6 -0.8) (end 1.6 -0.8) (layer F.Fab) (width 0.1))
    (fp_line (start 1.6 -0.8) (end 1.6 0.8) (layer F.Fab) (width 0.1))
    (fp_line (start 1.6 0.8) (end -1.6 0.8) (layer F.Fab) (width 0.1))
    (fp_line (start -1.6 0.8) (end -1.6 -0.8) (layer F.Fab) (width 0.1))
    (fp_text user %R (at 0 -1.75) (layer F.Fab)
      (effects (font (size 1 1) (thickness 0.15)))
    )
    (pad 2 smd rect (at 2 0) (size 2 1.6) (layers F.Cu F.Paste F.Mask)
      (net 8 "Net-(D2-Pad2)"))
    (pad 1 smd rect (at -2 0) (size 2 1.6) (layers F.Cu F.Paste F.Mask)
      (net 9 /LED1))
    (model Capacitors_SMD.3dshapes/C_1206.wrl
      (at (xyz 0 0 0))
      (scale (xyz 1 1 1))
      (rotate (xyz 0 0 0))
    )
  )

  (module Diodes_SMD:D_0805 (layer F.Cu) (tedit 590CE9A4) (tstamp 5D206EDD)
    (at 151.003 110.651 90)
    (descr "Diode SMD in 0805 package http://datasheets.avx.com/schottky.pdf")
    (tags "smd diode")
    (path /5D516412)
    (attr smd)
    (fp_text reference D3 (at 0 -1.6 90) (layer F.SilkS)
      (effects (font (size 1 1) (thickness 0.15)))
    )
    (fp_text value D_Zener (at 0 1.7 90) (layer F.Fab)
      (effects (font (size 1 1) (thickness 0.15)))
    )
    (fp_text user %R (at 0 -1.6 90) (layer F.Fab)
      (effects (font (size 1 1) (thickness 0.15)))
    )
    (fp_line (start -1.6 -0.8) (end -1.6 0.8) (layer F.SilkS) (width 0.12))
    (fp_line (start -1.7 0.88) (end -1.7 -0.88) (layer F.CrtYd) (width 0.05))
    (fp_line (start 1.7 0.88) (end -1.7 0.88) (layer F.CrtYd) (width 0.05))
    (fp_line (start 1.7 -0.88) (end 1.7 0.88) (layer F.CrtYd) (width 0.05))
    (fp_line (start -1.7 -0.88) (end 1.7 -0.88) (layer F.CrtYd) (width 0.05))
    (fp_line (start 0.2 0) (end 0.4 0) (layer F.Fab) (width 0.1))
    (fp_line (start -0.1 0) (end -0.3 0) (layer F.Fab) (width 0.1))
    (fp_line (start -0.1 -0.2) (end -0.1 0.2) (layer F.Fab) (width 0.1))
    (fp_line (start 0.2 0.2) (end 0.2 -0.2) (layer F.Fab) (width 0.1))
    (fp_line (start -0.1 0) (end 0.2 0.2) (layer F.Fab) (width 0.1))
    (fp_line (start 0.2 -0.2) (end -0.1 0) (layer F.Fab) (width 0.1))
    (fp_line (start -1 0.65) (end -1 -0.65) (layer F.Fab) (width 0.1))
    (fp_line (start 1 0.65) (end -1 0.65) (layer F.Fab) (width 0.1))
    (fp_line (start 1 -0.65) (end 1 0.65) (layer F.Fab) (width 0.1))
    (fp_line (start -1 -0.65) (end 1 -0.65) (layer F.Fab) (width 0.1))
    (fp_line (start -1.6 0.8) (end 1 0.8) (layer F.SilkS) (width 0.12))
    (fp_line (start -1.6 -0.8) (end 1 -0.8) (layer F.SilkS) (width 0.12))
    (pad 1 smd rect (at -1.05 0 90) (size 0.8 0.9) (layers F.Cu F.Paste F.Mask)
      (net 10 "Net-(D3-Pad1)"))
    (pad 2 smd rect (at 1.05 0 90) (size 0.8 0.9) (layers F.Cu F.Paste F.Mask)
      (net 3 GNDA))
    (model ${KISYS3DMOD}/Diodes_SMD.3dshapes/D_0805.wrl
      (at (xyz 0 0 0))
      (scale (xyz 1 1 1))
      (rotate (xyz 0 0 0))
    )
  )

  (module Diodes_SMD:D_0805 (layer F.Cu) (tedit 590CE9A4) (tstamp 5D206EF5)
    (at 150.495 85.378 90)
    (descr "Diode SMD in 0805 package http://datasheets.avx.com/schottky.pdf")
    (tags "smd diode")
    (path /5D538D41)
    (attr smd)
    (fp_text reference D4 (at 0 -1.6 90) (layer F.SilkS)
      (effects (font (size 1 1) (thickness 0.15)))
    )
    (fp_text value D_Zener (at 0 1.7 90) (layer F.Fab)
      (effects (font (size 1 1) (thickness 0.15)))
    )
    (fp_line (start -1.6 -0.8) (end 1 -0.8) (layer F.SilkS) (width 0.12))
    (fp_line (start -1.6 0.8) (end 1 0.8) (layer F.SilkS) (width 0.12))
    (fp_line (start -1 -0.65) (end 1 -0.65) (layer F.Fab) (width 0.1))
    (fp_line (start 1 -0.65) (end 1 0.65) (layer F.Fab) (width 0.1))
    (fp_line (start 1 0.65) (end -1 0.65) (layer F.Fab) (width 0.1))
    (fp_line (start -1 0.65) (end -1 -0.65) (layer F.Fab) (width 0.1))
    (fp_line (start 0.2 -0.2) (end -0.1 0) (layer F.Fab) (width 0.1))
    (fp_line (start -0.1 0) (end 0.2 0.2) (layer F.Fab) (width 0.1))
    (fp_line (start 0.2 0.2) (end 0.2 -0.2) (layer F.Fab) (width 0.1))
    (fp_line (start -0.1 -0.2) (end -0.1 0.2) (layer F.Fab) (width 0.1))
    (fp_line (start -0.1 0) (end -0.3 0) (layer F.Fab) (width 0.1))
    (fp_line (start 0.2 0) (end 0.4 0) (layer F.Fab) (width 0.1))
    (fp_line (start -1.7 -0.88) (end 1.7 -0.88) (layer F.CrtYd) (width 0.05))
    (fp_line (start 1.7 -0.88) (end 1.7 0.88) (layer F.CrtYd) (width 0.05))
    (fp_line (start 1.7 0.88) (end -1.7 0.88) (layer F.CrtYd) (width 0.05))
    (fp_line (start -1.7 0.88) (end -1.7 -0.88) (layer F.CrtYd) (width 0.05))
    (fp_line (start -1.6 -0.8) (end -1.6 0.8) (layer F.SilkS) (width 0.12))
    (fp_text user %R (at 0 -1.6 90) (layer F.Fab)
      (effects (font (size 1 1) (thickness 0.15)))
    )
    (pad 2 smd rect (at 1.05 0 90) (size 0.8 0.9) (layers F.Cu F.Paste F.Mask)
      (net 3 GNDA))
    (pad 1 smd rect (at -1.05 0 90) (size 0.8 0.9) (layers F.Cu F.Paste F.Mask)
      (net 11 "Net-(D4-Pad1)"))
    (model ${KISYS3DMOD}/Diodes_SMD.3dshapes/D_0805.wrl
      (at (xyz 0 0 0))
      (scale (xyz 1 1 1))
      (rotate (xyz 0 0 0))
    )
  )

  (module LibraryLoader:SOT95P280X145-5N (layer F.Cu) (tedit 0) (tstamp 5D206F0D)
    (at 134.493 112.268)
    (descr "DBV (R-PDSO-G5)")
    (tags "Integrated Circuit")
    (path /5D2273E1)
    (attr smd)
    (fp_text reference IC1 (at 0 0) (layer F.SilkS)
      (effects (font (size 1.27 1.27) (thickness 0.254)))
    )
    (fp_text value SN74LV1T125DBVR (at 0 0) (layer F.SilkS) hide
      (effects (font (size 1.27 1.27) (thickness 0.254)))
    )
    (fp_line (start -1.85 -1.5) (end -0.65 -1.5) (layer F.SilkS) (width 0.2))
    (fp_line (start -0.3 1.45) (end -0.3 -1.45) (layer F.SilkS) (width 0.2))
    (fp_line (start 0.3 1.45) (end -0.3 1.45) (layer F.SilkS) (width 0.2))
    (fp_line (start 0.3 -1.45) (end 0.3 1.45) (layer F.SilkS) (width 0.2))
    (fp_line (start -0.3 -1.45) (end 0.3 -1.45) (layer F.SilkS) (width 0.2))
    (fp_line (start -0.8 -0.5) (end 0.15 -1.45) (layer F.Fab) (width 0.1))
    (fp_line (start -0.8 1.45) (end -0.8 -1.45) (layer F.Fab) (width 0.1))
    (fp_line (start 0.8 1.45) (end -0.8 1.45) (layer F.Fab) (width 0.1))
    (fp_line (start 0.8 -1.45) (end 0.8 1.45) (layer F.Fab) (width 0.1))
    (fp_line (start -0.8 -1.45) (end 0.8 -1.45) (layer F.Fab) (width 0.1))
    (fp_line (start -2.1 1.775) (end -2.1 -1.775) (layer F.CrtYd) (width 0.05))
    (fp_line (start 2.1 1.775) (end -2.1 1.775) (layer F.CrtYd) (width 0.05))
    (fp_line (start 2.1 -1.775) (end 2.1 1.775) (layer F.CrtYd) (width 0.05))
    (fp_line (start -2.1 -1.775) (end 2.1 -1.775) (layer F.CrtYd) (width 0.05))
    (fp_text user %R (at 0 0) (layer F.Fab)
      (effects (font (size 1.27 1.27) (thickness 0.254)))
    )
    (pad 5 smd rect (at 1.25 -0.95 90) (size 0.6 1.2) (layers F.Cu F.Paste F.Mask)
      (net 2 VCC))
    (pad 4 smd rect (at 1.25 0.95 90) (size 0.6 1.2) (layers F.Cu F.Paste F.Mask)
      (net 12 "Net-(IC1-Pad4)"))
    (pad 3 smd rect (at -1.25 0.95 90) (size 0.6 1.2) (layers F.Cu F.Paste F.Mask)
      (net 1 GNDD))
    (pad 2 smd rect (at -1.25 0 90) (size 0.6 1.2) (layers F.Cu F.Paste F.Mask)
      (net 13 /EX_IN1))
    (pad 1 smd rect (at -1.25 -0.95 90) (size 0.6 1.2) (layers F.Cu F.Paste F.Mask))
    (model "C:\\Users	akagiwa\\Documents\\PCBPartLibrary\\SamacSys_Parts.3dshapes\\SN74LV1T125DBVR.stp"
      (at (xyz 0 0 0))
      (scale (xyz 1 1 1))
      (rotate (xyz 0 0 0))
    )
  )

  (module LibraryLoader:SOT95P280X145-5N (layer F.Cu) (tedit 0) (tstamp 5D206F25)
    (at 134.239 87.757)
    (descr "DBV (R-PDSO-G5)")
    (tags "Integrated Circuit")
    (path /5D227C49)
    (attr smd)
    (fp_text reference IC2 (at 0 2.921) (layer F.SilkS)
      (effects (font (size 1.27 1.27) (thickness 0.254)))
    )
    (fp_text value SN74LV1T125DBVR (at 0 0) (layer F.SilkS) hide
      (effects (font (size 1.27 1.27) (thickness 0.254)))
    )
    (fp_text user %R (at 0 -2.794) (layer F.Fab)
      (effects (font (size 1.27 1.27) (thickness 0.254)))
    )
    (fp_line (start -2.1 -1.775) (end 2.1 -1.775) (layer F.CrtYd) (width 0.05))
    (fp_line (start 2.1 -1.775) (end 2.1 1.775) (layer F.CrtYd) (width 0.05))
    (fp_line (start 2.1 1.775) (end -2.1 1.775) (layer F.CrtYd) (width 0.05))
    (fp_line (start -2.1 1.775) (end -2.1 -1.775) (layer F.CrtYd) (width 0.05))
    (fp_line (start -0.8 -1.45) (end 0.8 -1.45) (layer F.Fab) (width 0.1))
    (fp_line (start 0.8 -1.45) (end 0.8 1.45) (layer F.Fab) (width 0.1))
    (fp_line (start 0.8 1.45) (end -0.8 1.45) (layer F.Fab) (width 0.1))
    (fp_line (start -0.8 1.45) (end -0.8 -1.45) (layer F.Fab) (width 0.1))
    (fp_line (start -0.8 -0.5) (end 0.15 -1.45) (layer F.Fab) (width 0.1))
    (fp_line (start -0.3 -1.45) (end 0.3 -1.45) (layer F.SilkS) (width 0.2))
    (fp_line (start 0.3 -1.45) (end 0.3 1.45) (layer F.SilkS) (width 0.2))
    (fp_line (start 0.3 1.45) (end -0.3 1.45) (layer F.SilkS) (width 0.2))
    (fp_line (start -0.3 1.45) (end -0.3 -1.45) (layer F.SilkS) (width 0.2))
    (fp_line (start -1.85 -1.5) (end -0.65 -1.5) (layer F.SilkS) (width 0.2))
    (pad 1 smd rect (at -1.25 -0.95 90) (size 0.6 1.2) (layers F.Cu F.Paste F.Mask))
    (pad 2 smd rect (at -1.25 0 90) (size 0.6 1.2) (layers F.Cu F.Paste F.Mask)
      (net 14 /EN_IN0))
    (pad 3 smd rect (at -1.25 0.95 90) (size 0.6 1.2) (layers F.Cu F.Paste F.Mask)
      (net 1 GNDD))
    (pad 4 smd rect (at 1.25 0.95 90) (size 0.6 1.2) (layers F.Cu F.Paste F.Mask)
      (net 15 "Net-(IC2-Pad4)"))
    (pad 5 smd rect (at 1.25 -0.95 90) (size 0.6 1.2) (layers F.Cu F.Paste F.Mask)
      (net 2 VCC))
    (model "C:\\Users	akagiwa\\Documents\\PCBPartLibrary\\SamacSys_Parts.3dshapes\\SN74LV1T125DBVR.stp"
      (at (xyz 0 0 0))
      (scale (xyz 1 1 1))
      (rotate (xyz 0 0 0))
    )
  )

  (module LibraryLoader:SOT95P280X145-5N (layer F.Cu) (tedit 0) (tstamp 5D206F3D)
    (at 139.954 114.427)
    (descr "DBV (R-PDSO-G5)")
    (tags "Integrated Circuit")
    (path /5D225908)
    (attr smd)
    (fp_text reference IC3 (at 0 -2.921) (layer F.SilkS)
      (effects (font (size 1.27 1.27) (thickness 0.254)))
    )
    (fp_text value SN74LV1T125DBVR (at 0 0) (layer F.SilkS) hide
      (effects (font (size 1.27 1.27) (thickness 0.254)))
    )
    (fp_line (start -1.85 -1.5) (end -0.65 -1.5) (layer F.SilkS) (width 0.2))
    (fp_line (start -0.3 1.45) (end -0.3 -1.45) (layer F.SilkS) (width 0.2))
    (fp_line (start 0.3 1.45) (end -0.3 1.45) (layer F.SilkS) (width 0.2))
    (fp_line (start 0.3 -1.45) (end 0.3 1.45) (layer F.SilkS) (width 0.2))
    (fp_line (start -0.3 -1.45) (end 0.3 -1.45) (layer F.SilkS) (width 0.2))
    (fp_line (start -0.8 -0.5) (end 0.15 -1.45) (layer F.Fab) (width 0.1))
    (fp_line (start -0.8 1.45) (end -0.8 -1.45) (layer F.Fab) (width 0.1))
    (fp_line (start 0.8 1.45) (end -0.8 1.45) (layer F.Fab) (width 0.1))
    (fp_line (start 0.8 -1.45) (end 0.8 1.45) (layer F.Fab) (width 0.1))
    (fp_line (start -0.8 -1.45) (end 0.8 -1.45) (layer F.Fab) (width 0.1))
    (fp_line (start -2.1 1.775) (end -2.1 -1.775) (layer F.CrtYd) (width 0.05))
    (fp_line (start 2.1 1.775) (end -2.1 1.775) (layer F.CrtYd) (width 0.05))
    (fp_line (start 2.1 -1.775) (end 2.1 1.775) (layer F.CrtYd) (width 0.05))
    (fp_line (start -2.1 -1.775) (end 2.1 -1.775) (layer F.CrtYd) (width 0.05))
    (fp_text user %R (at 0 0) (layer F.Fab)
      (effects (font (size 1.27 1.27) (thickness 0.254)))
    )
    (pad 5 smd rect (at 1.25 -0.95 90) (size 0.6 1.2) (layers F.Cu F.Paste F.Mask)
      (net 5 +5V))
    (pad 4 smd rect (at 1.25 0.95 90) (size 0.6 1.2) (layers F.Cu F.Paste F.Mask)
      (net 10 "Net-(D3-Pad1)"))
    (pad 3 smd rect (at -1.25 0.95 90) (size 0.6 1.2) (layers F.Cu F.Paste F.Mask)
      (net 3 GNDA))
    (pad 2 smd rect (at -1.25 0 90) (size 0.6 1.2) (layers F.Cu F.Paste F.Mask)
      (net 16 /TX_OUT1))
    (pad 1 smd rect (at -1.25 -0.95 90) (size 0.6 1.2) (layers F.Cu F.Paste F.Mask)
      (net 12 "Net-(IC1-Pad4)"))
    (model "C:\\Users	akagiwa\\Documents\\PCBPartLibrary\\SamacSys_Parts.3dshapes\\SN74LV1T125DBVR.stp"
      (at (xyz 0 0 0))
      (scale (xyz 1 1 1))
      (rotate (xyz 0 0 0))
    )
  )

  (module LibraryLoader:SOT95P280X145-5N (layer F.Cu) (tedit 0) (tstamp 5D207AD4)
    (at 139.7 89.662)
    (descr "DBV (R-PDSO-G5)")
    (tags "Integrated Circuit")
    (path /5D226845)
    (attr smd)
    (fp_text reference IC4 (at -0.003001 -2.777001) (layer F.SilkS)
      (effects (font (size 1.27 1.27) (thickness 0.254)))
    )
    (fp_text value SN74LV1T125DBVR (at 0 0) (layer F.SilkS) hide
      (effects (font (size 1.27 1.27) (thickness 0.254)))
    )
    (fp_line (start -1.85 -1.5) (end -0.65 -1.5) (layer F.SilkS) (width 0.2))
    (fp_line (start -0.3 1.45) (end -0.3 -1.45) (layer F.SilkS) (width 0.2))
    (fp_line (start 0.3 1.45) (end -0.3 1.45) (layer F.SilkS) (width 0.2))
    (fp_line (start 0.3 -1.45) (end 0.3 1.45) (layer F.SilkS) (width 0.2))
    (fp_line (start -0.3 -1.45) (end 0.3 -1.45) (layer F.SilkS) (width 0.2))
    (fp_line (start -0.8 -0.5) (end 0.15 -1.45) (layer F.Fab) (width 0.1))
    (fp_line (start -0.8 1.45) (end -0.8 -1.45) (layer F.Fab) (width 0.1))
    (fp_line (start 0.8 1.45) (end -0.8 1.45) (layer F.Fab) (width 0.1))
    (fp_line (start 0.8 -1.45) (end 0.8 1.45) (layer F.Fab) (width 0.1))
    (fp_line (start -0.8 -1.45) (end 0.8 -1.45) (layer F.Fab) (width 0.1))
    (fp_line (start -2.1 1.775) (end -2.1 -1.775) (layer F.CrtYd) (width 0.05))
    (fp_line (start 2.1 1.775) (end -2.1 1.775) (layer F.CrtYd) (width 0.05))
    (fp_line (start 2.1 -1.775) (end 2.1 1.775) (layer F.CrtYd) (width 0.05))
    (fp_line (start -2.1 -1.775) (end 2.1 -1.775) (layer F.CrtYd) (width 0.05))
    (fp_text user %R (at 0 0) (layer F.Fab)
      (effects (font (size 1.27 1.27) (thickness 0.254)))
    )
    (pad 5 smd rect (at 1.25 -0.95 90) (size 0.6 1.2) (layers F.Cu F.Paste F.Mask)
      (net 5 +5V))
    (pad 4 smd rect (at 1.25 0.95 90) (size 0.6 1.2) (layers F.Cu F.Paste F.Mask)
      (net 11 "Net-(D4-Pad1)"))
    (pad 3 smd rect (at -1.25 0.95 90) (size 0.6 1.2) (layers F.Cu F.Paste F.Mask)
      (net 3 GNDA))
    (pad 2 smd rect (at -1.25 0 90) (size 0.6 1.2) (layers F.Cu F.Paste F.Mask)
      (net 17 /TX_OUT0))
    (pad 1 smd rect (at -1.25 -0.95 90) (size 0.6 1.2) (layers F.Cu F.Paste F.Mask)
      (net 15 "Net-(IC2-Pad4)"))
    (model "C:\\Users	akagiwa\\Documents\\PCBPartLibrary\\SamacSys_Parts.3dshapes\\SN74LV1T125DBVR.stp"
      (at (xyz 0 0 0))
      (scale (xyz 1 1 1))
      (rotate (xyz 0 0 0))
    )
  )

  (module LibraryLoader:TO229P990X238-4N (layer F.Cu) (tedit 0) (tstamp 5D206F75)
    (at 198.12 128.524 180)
    (descr DPAK-3)
    (tags "Integrated Circuit")
    (path /5D2534B8)
    (attr smd)
    (fp_text reference IC5 (at 0 0) (layer F.SilkS)
      (effects (font (size 1.27 1.27) (thickness 0.254)))
    )
    (fp_text value MC7805CDTRKG (at 0 0) (layer F.SilkS) hide
      (effects (font (size 1.27 1.27) (thickness 0.254)))
    )
    (fp_text user %R (at 0 0) (layer F.Fab)
      (effects (font (size 1.27 1.27) (thickness 0.254)))
    )
    (fp_line (start -2.095 3.365) (end 4.125 3.365) (layer F.CrtYd) (width 0.001))
    (fp_line (start 4.125 3.365) (end 4.125 -3.365) (layer F.CrtYd) (width 0.001))
    (fp_line (start 4.125 -3.365) (end -2.095 -3.365) (layer F.CrtYd) (width 0.001))
    (fp_line (start -2.095 -3.365) (end -2.095 3.365) (layer F.CrtYd) (width 0.001))
    (fp_line (start -5.85 3.65) (end 5.85 3.65) (layer F.CrtYd) (width 0.05))
    (fp_line (start 5.85 3.65) (end 5.85 -3.65) (layer F.CrtYd) (width 0.05))
    (fp_line (start 5.85 -3.65) (end -5.85 -3.65) (layer F.CrtYd) (width 0.05))
    (fp_line (start -5.85 -3.65) (end -5.85 3.65) (layer F.CrtYd) (width 0.05))
    (fp_line (start 0 0.5) (end 0 -0.5) (layer F.CrtYd) (width 0.05))
    (fp_line (start -0.5 0) (end 0.5 0) (layer F.CrtYd) (width 0.05))
    (fp_line (start -2.032 3.27) (end 4.062 3.27) (layer F.Fab) (width 0.1))
    (fp_line (start 4.062 3.27) (end 4.062 -3.27) (layer F.Fab) (width 0.1))
    (fp_line (start 4.062 -3.27) (end -2.032 -3.27) (layer F.Fab) (width 0.1))
    (fp_line (start -2.032 -3.27) (end -2.032 3.27) (layer F.Fab) (width 0.1))
    (fp_line (start 4.062 2.508) (end 4.356 2.508) (layer F.Fab) (width 0.1))
    (fp_line (start 4.356 2.508) (end 4.952 1.846) (layer F.Fab) (width 0.1))
    (fp_line (start 4.952 1.846) (end 4.952 -1.847) (layer F.Fab) (width 0.1))
    (fp_line (start 4.952 -1.847) (end 4.356 -2.508) (layer F.Fab) (width 0.1))
    (fp_line (start 4.356 -2.508) (end 4.062 -2.508) (layer F.Fab) (width 0.1))
    (fp_line (start -0.75 3.25) (end -2.35 3.25) (layer F.SilkS) (width 0.2))
    (fp_line (start -2.35 3.25) (end -2.35 -3.25) (layer F.SilkS) (width 0.2))
    (fp_line (start -2.35 -3.25) (end -0.75 -3.25) (layer F.SilkS) (width 0.2))
    (fp_circle (center -5.3 -3.3) (end -5.3 -3.175) (layer F.SilkS) (width 0.25))
    (pad 1 smd rect (at -4.15 -2.29 270) (size 1 2.85) (layers F.Cu F.Paste F.Mask)
      (net 4 VDDA))
    (pad 2 smd rect (at -4.15 0 270) (size 1 2.85) (layers F.Cu F.Paste F.Mask)
      (net 3 GNDA))
    (pad 3 smd rect (at -4.15 2.29 270) (size 1 2.85) (layers F.Cu F.Paste F.Mask)
      (net 5 +5V))
    (pad 4 smd rect (at 2.6 0 270) (size 5.55 5.95) (layers F.Cu F.Paste F.Mask)
      (net 3 GNDA))
  )

  (module LibraryLoader:SOT95P280X145-5N (layer F.Cu) (tedit 0) (tstamp 5D2089E6)
    (at 151.638 119.634)
    (descr "DBV (R-PDSO-G5)")
    (tags "Integrated Circuit")
    (path /5D226099)
    (attr smd)
    (fp_text reference IC6 (at 0 -2.921) (layer F.SilkS)
      (effects (font (size 1.27 1.27) (thickness 0.254)))
    )
    (fp_text value SN74LV1T125DBVR (at 0 0) (layer F.SilkS) hide
      (effects (font (size 1.27 1.27) (thickness 0.254)))
    )
    (fp_text user %R (at 0 0) (layer F.Fab)
      (effects (font (size 1.27 1.27) (thickness 0.254)))
    )
    (fp_line (start -2.1 -1.775) (end 2.1 -1.775) (layer F.CrtYd) (width 0.05))
    (fp_line (start 2.1 -1.775) (end 2.1 1.775) (layer F.CrtYd) (width 0.05))
    (fp_line (start 2.1 1.775) (end -2.1 1.775) (layer F.CrtYd) (width 0.05))
    (fp_line (start -2.1 1.775) (end -2.1 -1.775) (layer F.CrtYd) (width 0.05))
    (fp_line (start -0.8 -1.45) (end 0.8 -1.45) (layer F.Fab) (width 0.1))
    (fp_line (start 0.8 -1.45) (end 0.8 1.45) (layer F.Fab) (width 0.1))
    (fp_line (start 0.8 1.45) (end -0.8 1.45) (layer F.Fab) (width 0.1))
    (fp_line (start -0.8 1.45) (end -0.8 -1.45) (layer F.Fab) (width 0.1))
    (fp_line (start -0.8 -0.5) (end 0.15 -1.45) (layer F.Fab) (width 0.1))
    (fp_line (start -0.3 -1.45) (end 0.3 -1.45) (layer F.SilkS) (width 0.2))
    (fp_line (start 0.3 -1.45) (end 0.3 1.45) (layer F.SilkS) (width 0.2))
    (fp_line (start 0.3 1.45) (end -0.3 1.45) (layer F.SilkS) (width 0.2))
    (fp_line (start -0.3 1.45) (end -0.3 -1.45) (layer F.SilkS) (width 0.2))
    (fp_line (start -1.85 -1.5) (end -0.65 -1.5) (layer F.SilkS) (width 0.2))
    (pad 1 smd rect (at -1.25 -0.95 90) (size 0.6 1.2) (layers F.Cu F.Paste F.Mask)
      (net 13 /EX_IN1))
    (pad 2 smd rect (at -1.25 0 90) (size 0.6 1.2) (layers F.Cu F.Paste F.Mask)
      (net 18 "Net-(IC6-Pad2)"))
    (pad 3 smd rect (at -1.25 0.95 90) (size 0.6 1.2) (layers F.Cu F.Paste F.Mask)
      (net 1 GNDD))
    (pad 4 smd rect (at 1.25 0.95 90) (size 0.6 1.2) (layers F.Cu F.Paste F.Mask)
      (net 19 /RX_IN1))
    (pad 5 smd rect (at 1.25 -0.95 90) (size 0.6 1.2) (layers F.Cu F.Paste F.Mask)
      (net 2 VCC))
    (model "C:\\Users	akagiwa\\Documents\\PCBPartLibrary\\SamacSys_Parts.3dshapes\\SN74LV1T125DBVR.stp"
      (at (xyz 0 0 0))
      (scale (xyz 1 1 1))
      (rotate (xyz 0 0 0))
    )
  )

  (module LibraryLoader:SOT95P280X145-5N (layer F.Cu) (tedit 0) (tstamp 5D206FA5)
    (at 151.364 94.742)
    (descr "DBV (R-PDSO-G5)")
    (tags "Integrated Circuit")
    (path /5D226EE2)
    (attr smd)
    (fp_text reference IC7 (at 0 -2.921) (layer F.SilkS)
      (effects (font (size 1.27 1.27) (thickness 0.254)))
    )
    (fp_text value SN74LV1T125DBVR (at 0 0) (layer F.SilkS) hide
      (effects (font (size 1.27 1.27) (thickness 0.254)))
    )
    (fp_text user %R (at 0 2.921) (layer F.Fab)
      (effects (font (size 1.27 1.27) (thickness 0.254)))
    )
    (fp_line (start -2.1 -1.775) (end 2.1 -1.775) (layer F.CrtYd) (width 0.05))
    (fp_line (start 2.1 -1.775) (end 2.1 1.775) (layer F.CrtYd) (width 0.05))
    (fp_line (start 2.1 1.775) (end -2.1 1.775) (layer F.CrtYd) (width 0.05))
    (fp_line (start -2.1 1.775) (end -2.1 -1.775) (layer F.CrtYd) (width 0.05))
    (fp_line (start -0.8 -1.45) (end 0.8 -1.45) (layer F.Fab) (width 0.1))
    (fp_line (start 0.8 -1.45) (end 0.8 1.45) (layer F.Fab) (width 0.1))
    (fp_line (start 0.8 1.45) (end -0.8 1.45) (layer F.Fab) (width 0.1))
    (fp_line (start -0.8 1.45) (end -0.8 -1.45) (layer F.Fab) (width 0.1))
    (fp_line (start -0.8 -0.5) (end 0.15 -1.45) (layer F.Fab) (width 0.1))
    (fp_line (start -0.3 -1.45) (end 0.3 -1.45) (layer F.SilkS) (width 0.2))
    (fp_line (start 0.3 -1.45) (end 0.3 1.45) (layer F.SilkS) (width 0.2))
    (fp_line (start 0.3 1.45) (end -0.3 1.45) (layer F.SilkS) (width 0.2))
    (fp_line (start -0.3 1.45) (end -0.3 -1.45) (layer F.SilkS) (width 0.2))
    (fp_line (start -1.85 -1.5) (end -0.65 -1.5) (layer F.SilkS) (width 0.2))
    (pad 1 smd rect (at -1.25 -0.95 90) (size 0.6 1.2) (layers F.Cu F.Paste F.Mask)
      (net 14 /EN_IN0))
    (pad 2 smd rect (at -1.25 0 90) (size 0.6 1.2) (layers F.Cu F.Paste F.Mask)
      (net 20 "Net-(IC7-Pad2)"))
    (pad 3 smd rect (at -1.25 0.95 90) (size 0.6 1.2) (layers F.Cu F.Paste F.Mask)
      (net 1 GNDD))
    (pad 4 smd rect (at 1.25 0.95 90) (size 0.6 1.2) (layers F.Cu F.Paste F.Mask)
      (net 21 /RX_IN0))
    (pad 5 smd rect (at 1.25 -0.95 90) (size 0.6 1.2) (layers F.Cu F.Paste F.Mask)
      (net 2 VCC))
    (model "C:\\Users	akagiwa\\Documents\\PCBPartLibrary\\SamacSys_Parts.3dshapes\\SN74LV1T125DBVR.stp"
      (at (xyz 0 0 0))
