(kicad_pcb (version 20171130) (host pcbnew "(5.1.2)-2")

  (general
    (thickness 1.6)
    (drawings 15)
    (tracks 364)
    (zones 0)
    (modules 28)
    (nets 21)
  )

  (page A4)
  (layers
    (0 F.Cu signal)
    (31 B.Cu signal)
    (32 B.Adhes user)
    (33 F.Adhes user)
    (34 B.Paste user)
    (35 F.Paste user)
    (36 B.SilkS user)
    (37 F.SilkS user)
    (38 B.Mask user)
    (39 F.Mask user)
    (40 Dwgs.User user)
    (41 Cmts.User user)
    (42 Eco1.User user)
    (43 Eco2.User user)
    (44 Edge.Cuts user)
    (45 Margin user)
    (46 B.CrtYd user)
    (47 F.CrtYd user)
    (48 B.Fab user)
    (49 F.Fab user)
  )

  (setup
    (last_trace_width 0.25)
    (trace_clearance 0.2)
    (zone_clearance 0.508)
    (zone_45_only no)
    (trace_min 0.1524)
    (via_size 0.8)
    (via_drill 0.4)
    (via_min_size 0.5)
    (via_min_drill 0.2)
    (uvia_size 0.3)
    (uvia_drill 0.1)
    (uvias_allowed no)
    (uvia_min_size 0.2)
    (uvia_min_drill 0.1)
    (edge_width 0.05)
    (segment_width 0.2)
    (pcb_text_width 0.3)
    (pcb_text_size 1.5 1.5)
    (mod_edge_width 0.12)
    (mod_text_size 1 1)
    (mod_text_width 0.15)
    (pad_size 1.524 1.524)
    (pad_drill 0.762)
    (pad_to_mask_clearance 0.051)
    (solder_mask_min_width 0.25)
    (aux_axis_origin 0 0)
    (grid_origin 69.85 100.33)
    (visible_elements 7FFFFFFF)
    (pcbplotparams
      (layerselection 0x010fc_ffffffff)
      (usegerberextensions true)
      (usegerberattributes false)
      (usegerberadvancedattributes false)
      (creategerberjobfile false)
      (excludeedgelayer true)
      (linewidth 0.100000)
      (plotframeref false)
      (viasonmask false)
      (mode 1)
      (useauxorigin false)
      (hpglpennumber 1)
      (hpglpenspeed 20)
      (hpglpendiameter 15.000000)
      (psnegative false)
      (psa4output false)
      (plotreference true)
      (plotvalue true)
      (plotinvisibletext false)
      (padsonsilk false)
      (subtractmaskfromsilk false)
      (outputformat 1)
      (mirror false)
      (drillshape 0)
      (scaleselection 1)
      (outputdirectory "plots/"))
  )

  (net 0 "")
  (net 1 VCC)
  (net 2 VDDA)
  (net 3 +5V)
  (net 4 /LED0)
  (net 5 "Net-(D1-Pad2)")
  (net 6 "Net-(D2-Pad2)")
  (net 7 /LED1)
  (net 8 "Net-(D3-Pad1)")
  (net 9 "Net-(D4-Pad1)")
  (net 10 "Net-(IC1-Pad4)")
  (net 11 /EX_IN1)
  (net 12 /EN_IN0)
  (net 13 "Net-(IC2-Pad4)")
  (net 14 /TX_OUT1)
  (net 15 /TX_OUT0)
  (net 16 "Net-(IC6-Pad2)")
  (net 17 /RX_IN1)
  (net 18 "Net-(IC7-Pad2)")
  (net 19 /RX_IN0)
  (net 20 GND)

  (net_class Default "これはデフォルトのネット クラスです。"
    (clearance 0.2)
    (trace_width 0.25)
    (via_dia 0.8)
    (via_drill 0.4)
    (uvia_dia 0.3)
    (uvia_drill 0.1)
    (add_net /EN_IN0)
    (add_net /EX_IN1)
    (add_net /LED0)
    (add_net /LED1)
    (add_net /RX_IN0)
    (add_net /RX_IN1)
    (add_net /TX_OUT0)
    (add_net /TX_OUT1)
    (add_net "Net-(D1-Pad2)")
    (add_net "Net-(D2-Pad2)")
    (add_net "Net-(D3-Pad1)")
    (add_net "Net-(D4-Pad1)")
    (add_net "Net-(IC1-Pad4)")
    (add_net "Net-(IC2-Pad4)")
    (add_net "Net-(IC6-Pad2)")
    (add_net "Net-(IC7-Pad2)")
  )

  (net_class Bold ""
    (clearance 0.4)
    (trace_width 0.5)
    (via_dia 0.8)
    (via_drill 0.4)
    (uvia_dia 0.3)
    (uvia_drill 0.1)
    (add_net +5V)
    (add_net GND)
    (add_net VCC)
    (add_net VDDA)
  )

  (module Capacitors_SMD:C_1206_HandSoldering (layer B.Cu) (tedit 5D218EF6) (tstamp 5D206E32)
    (at 85.757 90.805 180)
    (descr "Capacitor SMD 1206, hand soldering")
    (tags "capacitor 1206")
    (path /5D2799FA)
    (attr smd)
    (fp_text reference C1 (at 0 1.75) (layer B.SilkS)
      (effects (font (size 1 1) (thickness 0.15)) (justify mirror))
    )
    (fp_text value 0.1u (at -12.319 32.639) (layer B.Fab) hide
      (effects (font (size 1 1) (thickness 0.15)) (justify mirror))
    )
    (fp_line (start 3.25 -1.05) (end -3.25 -1.05) (layer B.CrtYd) (width 0.05))
    (fp_line (start 3.25 -1.05) (end 3.25 1.05) (layer B.CrtYd) (width 0.05))
    (fp_line (start -3.25 1.05) (end -3.25 -1.05) (layer B.CrtYd) (width 0.05))
    (fp_line (start -3.25 1.05) (end 3.25 1.05) (layer B.CrtYd) (width 0.05))
    (fp_line (start -1 -1.02) (end 1 -1.02) (layer B.SilkS) (width 0.12))
    (fp_line (start 1 1.02) (end -1 1.02) (layer B.SilkS) (width 0.12))
    (fp_line (start -1.6 0.8) (end 1.6 0.8) (layer B.Fab) (width 0.1))
    (fp_line (start 1.6 0.8) (end 1.6 -0.8) (layer B.Fab) (width 0.1))
    (fp_line (start 1.6 -0.8) (end -1.6 -0.8) (layer B.Fab) (width 0.1))
    (fp_line (start -1.6 -0.8) (end -1.6 0.8) (layer B.Fab) (width 0.1))
    (fp_text user %R (at -11.684 36.449) (layer B.Fab) hide
      (effects (font (size 1 1) (thickness 0.15)) (justify mirror))
    )
    (pad 2 smd rect (at 2 0 180) (size 2 1.6) (layers B.Cu B.Paste B.Mask)
      (net 20 GND))
    (pad 1 smd rect (at -2 0 180) (size 2 1.6) (layers B.Cu B.Paste B.Mask)
      (net 1 VCC))
    (model Capacitors_SMD.3dshapes/C_1206.wrl
      (at (xyz 0 0 0))
      (scale (xyz 1 1 1))
      (rotate (xyz 0 0 0))
    )
  )

  (module Capacitors_SMD:C_1206_HandSoldering (layer B.Cu) (tedit 5D218E3E) (tstamp 5D21E6C0)
    (at 86.201 77.978 180)
    (descr "Capacitor SMD 1206, hand soldering")
    (tags "capacitor 1206")
    (path /5D27A4EF)
    (attr smd)
    (fp_text reference C2 (at 0 1.75) (layer B.SilkS)
      (effects (font (size 1 1) (thickness 0.15)) (justify mirror))
    )
    (fp_text value 0.1u (at -11.303 24.257) (layer B.Fab) hide
      (effects (font (size 1 1) (thickness 0.15)) (justify mirror))
    )
    (fp_text user %R (at -11.684 26.162) (layer B.Fab) hide
      (effects (font (size 1 1) (thickness 0.15)) (justify mirror))
    )
    (fp_line (start -1.6 -0.8) (end -1.6 0.8) (layer B.Fab) (width 0.1))
    (fp_line (start 1.6 -0.8) (end -1.6 -0.8) (layer B.Fab) (width 0.1))
    (fp_line (start 1.6 0.8) (end 1.6 -0.8) (layer B.Fab) (width 0.1))
    (fp_line (start -1.6 0.8) (end 1.6 0.8) (layer B.Fab) (width 0.1))
    (fp_line (start 1 1.02) (end -1 1.02) (layer B.SilkS) (width 0.12))
    (fp_line (start -1 -1.02) (end 1 -1.02) (layer B.SilkS) (width 0.12))
    (fp_line (start -3.25 1.05) (end 3.25 1.05) (layer B.CrtYd) (width 0.05))
    (fp_line (start -3.25 1.05) (end -3.25 -1.05) (layer B.CrtYd) (width 0.05))
    (fp_line (start 3.25 -1.05) (end 3.25 1.05) (layer B.CrtYd) (width 0.05))
    (fp_line (start 3.25 -1.05) (end -3.25 -1.05) (layer B.CrtYd) (width 0.05))
    (pad 1 smd rect (at -2 0 180) (size 2 1.6) (layers B.Cu B.Paste B.Mask)
      (net 1 VCC))
    (pad 2 smd rect (at 2 0 180) (size 2 1.6) (layers B.Cu B.Paste B.Mask)
      (net 20 GND))
    (model Capacitors_SMD.3dshapes/C_1206.wrl
      (at (xyz 0 0 0))
      (scale (xyz 1 1 1))
      (rotate (xyz 0 0 0))
    )
  )

  (module Capacitors_SMD:CP_Elec_4x4.5 (layer F.Cu) (tedit 58AA85E3) (tstamp 5D206E5F)
    (at 120.799 81.534 180)
    (descr "SMT capacitor, aluminium electrolytic, 4x4.5")
    (path /5D278C28)
    (attr smd)
    (fp_text reference C3 (at 4.572 0 270) (layer F.SilkS)
      (effects (font (size 1 1) (thickness 0.15)))
    )
    (fp_text value 0.33u (at -25.781 1.778 180) (layer F.Fab) hide
      (effects (font (size 1 1) (thickness 0.15)))
    )
    (fp_line (start 3.35 2.37) (end -3.35 2.37) (layer F.CrtYd) (width 0.05))
    (fp_line (start 3.35 2.37) (end 3.35 -2.4) (layer F.CrtYd) (width 0.05))
    (fp_line (start -3.35 -2.4) (end -3.35 2.37) (layer F.CrtYd) (width 0.05))
    (fp_line (start -3.35 -2.4) (end 3.35 -2.4) (layer F.CrtYd) (width 0.05))
    (fp_line (start -1.52 2.27) (end -2.29 1.51) (layer F.SilkS) (width 0.12))
    (fp_line (start -1.52 2.27) (end 2.29 2.27) (layer F.SilkS) (width 0.12))
    (fp_line (start -1.52 -2.3) (end -2.29 -1.54) (layer F.SilkS) (width 0.12))
    (fp_line (start -1.52 -2.3) (end 2.29 -2.3) (layer F.SilkS) (width 0.12))
    (fp_line (start -2.29 -1.54) (end -2.29 -1.13) (layer F.SilkS) (width 0.12))
    (fp_line (start -2.29 1.51) (end -2.29 1.1) (layer F.SilkS) (width 0.12))
    (fp_line (start 2.29 2.27) (end 2.29 1.1) (layer F.SilkS) (width 0.12))
    (fp_line (start 2.29 -2.3) (end 2.29 -1.13) (layer F.SilkS) (width 0.12))
    (fp_line (start 2.13 -2.15) (end -1.46 -2.15) (layer F.Fab) (width 0.1))
    (fp_line (start -1.46 -2.15) (end -2.13 -1.47) (layer F.Fab) (width 0.1))
    (fp_line (start -2.13 -1.47) (end -2.13 1.45) (layer F.Fab) (width 0.1))
    (fp_line (start -2.13 1.45) (end -1.46 2.12) (layer F.Fab) (width 0.1))
    (fp_line (start -1.46 2.12) (end 2.13 2.12) (layer F.Fab) (width 0.1))
    (fp_line (start 2.13 2.12) (end 2.13 -2.15) (layer F.Fab) (width 0.1))
    (fp_text user %R (at -24.257 0 180) (layer F.Fab) hide
      (effects (font (size 1 1) (thickness 0.15)))
    )
    (fp_text user + (at -2.78 1.99 180) (layer F.SilkS)
      (effects (font (size 1 1) (thickness 0.15)))
    )
    (fp_text user + (at -1.24 -0.08) (layer F.Fab)
      (effects (font (size 1 1) (thickness 0.15)))
    )
    (fp_circle (center 0 0) (end 0.1 2.1) (layer F.Fab) (width 0.1))
    (pad 2 smd rect (at 1.8 0) (size 2.6 1.6) (layers F.Cu F.Paste F.Mask)
      (net 20 GND))
    (pad 1 smd rect (at -1.8 0) (size 2.6 1.6) (layers F.Cu F.Paste F.Mask)
      (net 2 VDDA))
    (model Capacitors_SMD.3dshapes/CP_Elec_4x4.5.wrl
      (at (xyz 0 0 0))
      (scale (xyz 1 1 1))
      (rotate (xyz 0 0 180))
    )
  )

  (module Capacitors_SMD:C_1206_HandSoldering (layer B.Cu) (tedit 58AA84D1) (tstamp 5D21D8D6)
    (at 93.123 93.472 180)
    (descr "Capacitor SMD 1206, hand soldering")
    (tags "capacitor 1206")
    (path /5D2792C4)
    (attr smd)
    (fp_text reference C4 (at -0.095 -2.159) (layer B.SilkS)
      (effects (font (size 1 1) (thickness 0.15)) (justify mirror))
    )
    (fp_text value 0.1u (at -24.479 40.132) (layer B.Fab) hide
      (effects (font (size 1 1) (thickness 0.15)) (justify mirror))
    )
    (fp_line (start 3.25 -1.05) (end -3.25 -1.05) (layer B.CrtYd) (width 0.05))
    (fp_line (start 3.25 -1.05) (end 3.25 1.05) (layer B.CrtYd) (width 0.05))
    (fp_line (start -3.25 1.05) (end -3.25 -1.05) (layer B.CrtYd) (width 0.05))
    (fp_line (start -3.25 1.05) (end 3.25 1.05) (layer B.CrtYd) (width 0.05))
    (fp_line (start -1 -1.02) (end 1 -1.02) (layer B.SilkS) (width 0.12))
    (fp_line (start 1 1.02) (end -1 1.02) (layer B.SilkS) (width 0.12))
    (fp_line (start -1.6 0.8) (end 1.6 0.8) (layer B.Fab) (width 0.1))
    (fp_line (start 1.6 0.8) (end 1.6 -0.8) (layer B.Fab) (width 0.1))
    (fp_line (start 1.6 -0.8) (end -1.6 -0.8) (layer B.Fab) (width 0.1))
    (fp_line (start -1.6 -0.8) (end -1.6 0.8) (layer B.Fab) (width 0.1))
    (fp_text user %R (at -24.352 37.465) (layer B.Fab) hide
      (effects (font (size 1 1) (thickness 0.15)) (justify mirror))
    )
    (pad 2 smd rect (at 2 0 180) (size 2 1.6) (layers B.Cu B.Paste B.Mask)
      (net 20 GND))
    (pad 1 smd rect (at -2 0 180) (size 2 1.6) (layers B.Cu B.Paste B.Mask)
      (net 3 +5V))
    (model Capacitors_SMD.3dshapes/C_1206.wrl
      (at (xyz 0 0 0))
      (scale (xyz 1 1 1))
      (rotate (xyz 0 0 0))
    )
  )

  (module Capacitors_SMD:C_1206_HandSoldering (layer B.Cu) (tedit 5D218F7D) (tstamp 5D206E81)
    (at 93.186 80.899 180)
    (descr "Capacitor SMD 1206, hand soldering")
    (tags "capacitor 1206")
    (path /5D279D8F)
    (attr smd)
    (fp_text reference C5 (at -0.127 -1.905) (layer B.SilkS)
      (effects (font (size 1 1) (thickness 0.15)) (justify mirror))
    )
    (fp_text value 0.1u (at 21.685 32.639) (layer B.Fab) hide
      (effects (font (size 1 1) (thickness 0.15)) (justify mirror))
    )
    (fp_text user %R (at 21.558 35.687) (layer B.Fab) hide
      (effects (font (size 1 1) (thickness 0.15)) (justify mirror))
    )
    (fp_line (start -1.6 -0.8) (end -1.6 0.8) (layer B.Fab) (width 0.1))
    (fp_line (start 1.6 -0.8) (end -1.6 -0.8) (layer B.Fab) (width 0.1))
    (fp_line (start 1.6 0.8) (end 1.6 -0.8) (layer B.Fab) (width 0.1))
    (fp_line (start -1.6 0.8) (end 1.6 0.8) (layer B.Fab) (width 0.1))
    (fp_line (start 1 1.02) (end -1 1.02) (layer B.SilkS) (width 0.12))
    (fp_line (start -1 -1.02) (end 1 -1.02) (layer B.SilkS) (width 0.12))
    (fp_line (start -3.25 1.05) (end 3.25 1.05) (layer B.CrtYd) (width 0.05))
    (fp_line (start -3.25 1.05) (end -3.25 -1.05) (layer B.CrtYd) (width 0.05))
    (fp_line (start 3.25 -1.05) (end 3.25 1.05) (layer B.CrtYd) (width 0.05))
    (fp_line (start 3.25 -1.05) (end -3.25 -1.05) (layer B.CrtYd) (width 0.05))
    (pad 1 smd rect (at -2 0 180) (size 2 1.6) (layers B.Cu B.Paste B.Mask)
      (net 3 +5V))
    (pad 2 smd rect (at 2 0 180) (size 2 1.6) (layers B.Cu B.Paste B.Mask)
      (net 20 GND))
    (model Capacitors_SMD.3dshapes/C_1206.wrl
      (at (xyz 0 0 0))
      (scale (xyz 1 1 1))
      (rotate (xyz 0 0 0))
    )
  )

  (module Capacitors_SMD:C_1206_HandSoldering (layer B.Cu) (tedit 58AA84D1) (tstamp 5D206E92)
    (at 88.17 97.917)
    (descr "Capacitor SMD 1206, hand soldering")
    (tags "capacitor 1206")
    (path /5D27963F)
    (attr smd)
    (fp_text reference C6 (at -4.604 0) (layer B.SilkS)
      (effects (font (size 1 1) (thickness 0.15)) (justify mirror))
    )
    (fp_text value 0.1u (at 14.637 28.956) (layer B.Fab) hide
      (effects (font (size 1 1) (thickness 0.15)) (justify mirror))
    )
    (fp_text user %R (at 11.589 28.575) (layer B.Fab) hide
      (effects (font (size 1 1) (thickness 0.15)) (justify mirror))
    )
    (fp_line (start -1.6 -0.8) (end -1.6 0.8) (layer B.Fab) (width 0.1))
    (fp_line (start 1.6 -0.8) (end -1.6 -0.8) (layer B.Fab) (width 0.1))
    (fp_line (start 1.6 0.8) (end 1.6 -0.8) (layer B.Fab) (width 0.1))
    (fp_line (start -1.6 0.8) (end 1.6 0.8) (layer B.Fab) (width 0.1))
    (fp_line (start 1 1.02) (end -1 1.02) (layer B.SilkS) (width 0.12))
    (fp_line (start -1 -1.02) (end 1 -1.02) (layer B.SilkS) (width 0.12))
    (fp_line (start -3.25 1.05) (end 3.25 1.05) (layer B.CrtYd) (width 0.05))
    (fp_line (start -3.25 1.05) (end -3.25 -1.05) (layer B.CrtYd) (width 0.05))
    (fp_line (start 3.25 -1.05) (end 3.25 1.05) (layer B.CrtYd) (width 0.05))
    (fp_line (start 3.25 -1.05) (end -3.25 -1.05) (layer B.CrtYd) (width 0.05))
    (pad 1 smd rect (at -2 0) (size 2 1.6) (layers B.Cu B.Paste B.Mask)
      (net 1 VCC))
    (pad 2 smd rect (at 2 0) (size 2 1.6) (layers B.Cu B.Paste B.Mask)
      (net 20 GND))
    (model Capacitors_SMD.3dshapes/C_1206.wrl
      (at (xyz 0 0 0))
      (scale (xyz 1 1 1))
      (rotate (xyz 0 0 0))
    )
  )

  (module Capacitors_SMD:C_1206_HandSoldering (layer B.Cu) (tedit 58AA84D1) (tstamp 5D206EA3)
    (at 88.106 85.598)
    (descr "Capacitor SMD 1206, hand soldering")
    (tags "capacitor 1206")
    (path /5D27A136)
    (attr smd)
    (fp_text reference C7 (at -4.794 0) (layer B.SilkS)
      (effects (font (size 1 1) (thickness 0.15)) (justify mirror))
    )
    (fp_text value 0.1u (at -22.193 -32.766) (layer B.Fab) hide
      (effects (font (size 1 1) (thickness 0.15)) (justify mirror))
    )
    (fp_line (start 3.25 -1.05) (end -3.25 -1.05) (layer B.CrtYd) (width 0.05))
    (fp_line (start 3.25 -1.05) (end 3.25 1.05) (layer B.CrtYd) (width 0.05))
    (fp_line (start -3.25 1.05) (end -3.25 -1.05) (layer B.CrtYd) (width 0.05))
    (fp_line (start -3.25 1.05) (end 3.25 1.05) (layer B.CrtYd) (width 0.05))
    (fp_line (start -1 -1.02) (end 1 -1.02) (layer B.SilkS) (width 0.12))
    (fp_line (start 1 1.02) (end -1 1.02) (layer B.SilkS) (width 0.12))
    (fp_line (start -1.6 0.8) (end 1.6 0.8) (layer B.Fab) (width 0.1))
    (fp_line (start 1.6 0.8) (end 1.6 -0.8) (layer B.Fab) (width 0.1))
    (fp_line (start 1.6 -0.8) (end -1.6 -0.8) (layer B.Fab) (width 0.1))
    (fp_line (start -1.6 -0.8) (end -1.6 0.8) (layer B.Fab) (width 0.1))
    (fp_text user %R (at -25.876 -32.893) (layer B.Fab) hide
      (effects (font (size 1 1) (thickness 0.15)) (justify mirror))
    )
    (pad 2 smd rect (at 2 0) (size 2 1.6) (layers B.Cu B.Paste B.Mask)
      (net 20 GND))
    (pad 1 smd rect (at -2 0) (size 2 1.6) (layers B.Cu B.Paste B.Mask)
      (net 1 VCC))
    (model Capacitors_SMD.3dshapes/C_1206.wrl
      (at (xyz 0 0 0))
      (scale (xyz 1 1 1))
      (rotate (xyz 0 0 0))
    )
  )

  (module Capacitors_SMD:C_1206_HandSoldering (layer F.Cu) (tedit 5D218D21) (tstamp 5D218A66)
    (at 76.454 74.708 90)
    (descr "Capacitor SMD 1206, hand soldering")
    (tags "capacitor 1206")
    (path /5D25FAC9)
    (attr smd)
    (fp_text reference D1 (at -0.032 2.032 90) (layer F.SilkS)
      (effects (font (size 1 1) (thickness 0.15)))
    )
    (fp_text value LED (at -17.05 -33.147 90) (layer F.Fab) hide
      (effects (font (size 1 1) (thickness 0.15)))
    )
    (fp_text user %R (at -17.304 -36.322 90) (layer F.Fab) hide
      (effects (font (size 1 1) (thickness 0.15)))
    )
    (fp_line (start -1.6 0.8) (end -1.6 -0.8) (layer F.Fab) (width 0.1))
    (fp_line (start 1.6 0.8) (end -1.6 0.8) (layer F.Fab) (width 0.1))
    (fp_line (start 1.6 -0.8) (end 1.6 0.8) (layer F.Fab) (width 0.1))
    (fp_line (start -1.6 -0.8) (end 1.6 -0.8) (layer F.Fab) (width 0.1))
    (fp_line (start 1 -1.02) (end -1 -1.02) (layer F.SilkS) (width 0.12))
    (fp_line (start -1 1.02) (end 1 1.02) (layer F.SilkS) (width 0.12))
    (fp_line (start -3.25 -1.05) (end 3.25 -1.05) (layer F.CrtYd) (width 0.05))
    (fp_line (start -3.25 -1.05) (end -3.25 1.05) (layer F.CrtYd) (width 0.05))
    (fp_line (start 3.25 1.05) (end 3.25 -1.05) (layer F.CrtYd) (width 0.05))
    (fp_line (start 3.25 1.05) (end -3.25 1.05) (layer F.CrtYd) (width 0.05))
    (pad 1 smd rect (at -2 0 90) (size 2 1.6) (layers F.Cu F.Paste F.Mask)
      (net 4 /LED0))
    (pad 2 smd rect (at 2 0 90) (size 2 1.6) (layers F.Cu F.Paste F.Mask)
      (net 5 "Net-(D1-Pad2)"))
    (model Capacitors_SMD.3dshapes/C_1206.wrl
      (at (xyz 0 0 0))
      (scale (xyz 1 1 1))
      (rotate (xyz 0 0 0))
    )
  )

  (module Capacitors_SMD:C_1206_HandSoldering (layer F.Cu) (tedit 5D218D13) (tstamp 5D206EC5)
    (at 73.66 74.708 90)
    (descr "Capacitor SMD 1206, hand soldering")
    (tags "capacitor 1206")
    (path /5D2601DB)
    (attr smd)
    (fp_text reference D2 (at 0 -1.75 90) (layer F.SilkS)
      (effects (font (size 1 1) (thickness 0.15)))
    )
    (fp_text value LED (at -16.542 -34.29 90) (layer F.Fab) hide
      (effects (font (size 1 1) (thickness 0.15)))
    )
    (fp_line (start 3.25 1.05) (end -3.25 1.05) (layer F.CrtYd) (width 0.05))
    (fp_line (start 3.25 1.05) (end 3.25 -1.05) (layer F.CrtYd) (width 0.05))
    (fp_line (start -3.25 -1.05) (end -3.25 1.05) (layer F.CrtYd) (width 0.05))
    (fp_line (start -3.25 -1.05) (end 3.25 -1.05) (layer F.CrtYd) (width 0.05))
    (fp_line (start -1 1.02) (end 1 1.02) (layer F.SilkS) (width 0.12))
    (fp_line (start 1 -1.02) (end -1 -1.02) (layer F.SilkS) (width 0.12))
    (fp_line (start -1.6 -0.8) (end 1.6 -0.8) (layer F.Fab) (width 0.1))
    (fp_line (start 1.6 -0.8) (end 1.6 0.8) (layer F.Fab) (width 0.1))
    (fp_line (start 1.6 0.8) (end -1.6 0.8) (layer F.Fab) (width 0.1))
    (fp_line (start -1.6 0.8) (end -1.6 -0.8) (layer F.Fab) (width 0.1))
    (fp_text user %R (at -15.399 -36.957 90) (layer F.Fab) hide
      (effects (font (size 1 1) (thickness 0.15)))
    )
    (pad 2 smd rect (at 2 0 90) (size 2 1.6) (layers F.Cu F.Paste F.Mask)
      (net 6 "Net-(D2-Pad2)"))
    (pad 1 smd rect (at -2 0 90) (size 2 1.6) (layers F.Cu F.Paste F.Mask)
      (net 7 /LED1))
    (model Capacitors_SMD.3dshapes/C_1206.wrl
      (at (xyz 0 0 0))
      (scale (xyz 1 1 1))
      (rotate (xyz 0 0 0))
    )
  )

  (module Diodes_SMD:D_0805 (layer F.Cu) (tedit 590CE9A4) (tstamp 5D206EDD)
    (at 106.426 93.565 90)
    (descr "Diode SMD in 0805 package http://datasheets.avx.com/schottky.pdf")
    (tags "smd diode")
    (path /5D516412)
    (attr smd)
    (fp_text reference D3 (at 0 1.651 90) (layer F.SilkS)
      (effects (font (size 1 1) (thickness 0.15)))
    )
    (fp_text value D_Zener (at -26.831 -30.734 90) (layer F.Fab) hide
      (effects (font (size 1 1) (thickness 0.15)))
    )
    (fp_text user %R (at -24.799 -25.146 90) (layer F.Fab) hide
      (effects (font (size 1 1) (thickness 0.15)))
    )
    (fp_line (start -1.6 -0.8) (end -1.6 0.8) (layer F.SilkS) (width 0.12))
    (fp_line (start -1.7 0.88) (end -1.7 -0.88) (layer F.CrtYd) (width 0.05))
    (fp_line (start 1.7 0.88) (end -1.7 0.88) (layer F.CrtYd) (width 0.05))
    (fp_line (start 1.7 -0.88) (end 1.7 0.88) (layer F.CrtYd) (width 0.05))
    (fp_line (start -1.7 -0.88) (end 1.7 -0.88) (layer F.CrtYd) (width 0.05))
    (fp_line (start 0.2 0) (end 0.4 0) (layer F.Fab) (width 0.1))
    (fp_line (start -0.1 0) (end -0.3 0) (layer F.Fab) (width 0.1))
    (fp_line (start -0.1 -0.2) (end -0.1 0.2) (layer F.Fab) (width 0.1))
    (fp_line (start 0.2 0.2) (end 0.2 -0.2) (layer F.Fab) (width 0.1))
    (fp_line (start -0.1 0) (end 0.2 0.2) (layer F.Fab) (width 0.1))
    (fp_line (start 0.2 -0.2) (end -0.1 0) (layer F.Fab) (width 0.1))
    (fp_line (start -1 0.65) (end -1 -0.65) (layer F.Fab) (width 0.1))
    (fp_line (start 1 0.65) (end -1 0.65) (layer F.Fab) (width 0.1))
    (fp_line (start 1 -0.65) (end 1 0.65) (layer F.Fab) (width 0.1))
    (fp_line (start -1 -0.65) (end 1 -0.65) (layer F.Fab) (width 0.1))
    (fp_line (start -1.6 0.8) (end 1 0.8) (layer F.SilkS) (width 0.12))
    (fp_line (start -1.6 -0.8) (end 1 -0.8) (layer F.SilkS) (width 0.12))
    (pad 1 smd rect (at -1.05 0 90) (size 0.8 0.9) (layers F.Cu F.Paste F.Mask)
      (net 8 "Net-(D3-Pad1)"))
    (pad 2 smd rect (at 1.05 0 90) (size 0.8 0.9) (layers F.Cu F.Paste F.Mask)
      (net 20 GND))
    (model ${KISYS3DMOD}/Diodes_SMD.3dshapes/D_0805.wrl
      (at (xyz 0 0 0))
      (scale (xyz 1 1 1))
      (rotate (xyz 0 0 0))
    )
  )

  (module Diodes_SMD:D_0805 (layer F.Cu) (tedit 590CE9A4) (tstamp 5D21E969)
    (at 106.299 80.738 90)
    (descr "Diode SMD in 0805 package http://datasheets.avx.com/schottky.pdf")
    (tags "smd diode")
    (path /5D538D41)
    (attr smd)
    (fp_text reference D4 (at -0.034 1.651 90) (layer F.SilkS)
      (effects (font (size 1 1) (thickness 0.15)))
    )
    (fp_text value D_Zener (at 26.382 -9.144 90) (layer F.Fab) hide
      (effects (font (size 1 1) (thickness 0.15)))
    )
    (fp_line (start -1.6 -0.8) (end 1 -0.8) (layer F.SilkS) (width 0.12))
    (fp_line (start -1.6 0.8) (end 1 0.8) (layer F.SilkS) (width 0.12))
    (fp_line (start -1 -0.65) (end 1 -0.65) (layer F.Fab) (width 0.1))
    (fp_line (start 1 -0.65) (end 1 0.65) (layer F.Fab) (width 0.1))
    (fp_line (start 1 0.65) (end -1 0.65) (layer F.Fab) (width 0.1))
    (fp_line (start -1 0.65) (end -1 -0.65) (layer F.Fab) (width 0.1))
    (fp_line (start 0.2 -0.2) (end -0.1 0) (layer F.Fab) (width 0.1))
    (fp_line (start -0.1 0) (end 0.2 0.2) (layer F.Fab) (width 0.1))
    (fp_line (start 0.2 0.2) (end 0.2 -0.2) (layer F.Fab) (width 0.1))
    (fp_line (start -0.1 -0.2) (end -0.1 0.2) (layer F.Fab) (width 0.1))
    (fp_line (start -0.1 0) (end -0.3 0) (layer F.Fab) (width 0.1))
    (fp_line (start 0.2 0) (end 0.4 0) (layer F.Fab) (width 0.1))
    (fp_line (start -1.7 -0.88) (end 1.7 -0.88) (layer F.CrtYd) (width 0.05))
    (fp_line (start 1.7 -0.88) (end 1.7 0.88) (layer F.CrtYd) (width 0.05))
    (fp_line (start 1.7 0.88) (end -1.7 0.88) (layer F.CrtYd) (width 0.05))
    (fp_line (start -1.7 0.88) (end -1.7 -0.88) (layer F.CrtYd) (width 0.05))
    (fp_line (start -1.6 -0.8) (end -1.6 0.8) (layer F.SilkS) (width 0.12))
    (fp_text user %R (at 22.064 -6.604 90) (layer F.Fab) hide
      (effects (font (size 1 1) (thickness 0.15)))
    )
    (pad 2 smd rect (at 1.05 0 90) (size 0.8 0.9) (layers F.Cu F.Paste F.Mask)
      (net 20 GND))
    (pad 1 smd rect (at -1.05 0 90) (size 0.8 0.9) (layers F.Cu F.Paste F.Mask)
      (net 9 "Net-(D4-Pad1)"))
    (model ${KISYS3DMOD}/Diodes_SMD.3dshapes/D_0805.wrl
      (at (xyz 0 0 0))
      (scale (xyz 1 1 1))
      (rotate (xyz 0 0 0))
    )
  )

  (module LibraryLoader:SOT95P280X145-5N (layer F.Cu) (tedit 5D218EF0) (tstamp 5D206F0D)
    (at 86.995 91.567)
    (descr "DBV (R-PDSO-G5)")
    (tags "Integrated Circuit")
    (path /5D2273E1)
    (attr smd)
    (fp_text reference IC1 (at 0 -2.667) (layer F.SilkS)
      (effects (font (size 1.27 1.27) (thickness 0.254)))
    )
    (fp_text value SN74LV1T125DBVR (at -16.637 -37.846) (layer F.SilkS) hide
      (effects (font (size 1.27 1.27) (thickness 0.254)))
    )
    (fp_line (start -1.85 -1.5) (end -0.65 -1.5) (layer F.SilkS) (width 0.2))
    (fp_line (start -0.3 1.45) (end -0.3 -1.45) (layer F.SilkS) (width 0.2))
    (fp_line (start 0.3 1.45) (end -0.3 1.45) (layer F.SilkS) (width 0.2))
    (fp_line (start 0.3 -1.45) (end 0.3 1.45) (layer F.SilkS) (width 0.2))
    (fp_line (start -0.3 -1.45) (end 0.3 -1.45) (layer F.SilkS) (width 0.2))
    (fp_line (start -0.8 -0.5) (end 0.15 -1.45) (layer F.Fab) (width 0.1))
    (fp_line (start -0.8 1.45) (end -0.8 -1.45) (layer F.Fab) (width 0.1))
    (fp_line (start 0.8 1.45) (end -0.8 1.45) (layer F.Fab) (width 0.1))
    (fp_line (start 0.8 -1.45) (end 0.8 1.45) (layer F.Fab) (width 0.1))
    (fp_line (start -0.8 -1.45) (end 0.8 -1.45) (layer F.Fab) (width 0.1))
    (fp_line (start -2.1 1.775) (end -2.1 -1.775) (layer F.CrtYd) (width 0.05))
    (fp_line (start 2.1 1.775) (end -2.1 1.775) (layer F.CrtYd) (width 0.05))
    (fp_line (start 2.1 -1.775) (end 2.1 1.775) (layer F.CrtYd) (width 0.05))
    (fp_line (start -2.1 -1.775) (end 2.1 -1.775) (layer F.CrtYd) (width 0.05))
    (fp_text user %R (at -25.146 -44.45) (layer F.Fab) hide
      (effects (font (size 1.27 1.27) (thickness 0.254)))
    )
    (pad 5 smd rect (at 1.25 -0.95 90) (size 0.6 1.2) (layers F.Cu F.Paste F.Mask)
      (net 1 VCC))
    (pad 4 smd rect (at 1.25 0.95 90) (size 0.6 1.2) (layers F.Cu F.Paste F.Mask)
      (net 10 "Net-(IC1-Pad4)"))
    (pad 3 smd rect (at -1.25 0.95 90) (size 0.6 1.2) (layers F.Cu F.Paste F.Mask)
      (net 20 GND))
    (pad 2 smd rect (at -1.25 0 90) (size 0.6 1.2) (layers F.Cu F.Paste F.Mask)
      (net 11 /EX_IN1))
    (pad 1 smd rect (at -1.25 -0.95 90) (size 0.6 1.2) (layers F.Cu F.Paste F.Mask))
    (model "C:\\Users	akagiwa\\Documents\\PCBPartLibrary\\SamacSys_Parts.3dshapes\\SN74LV1T125DBVR.stp"
      (at (xyz 0 0 0))
      (scale (xyz 1 1 1))
      (rotate (xyz 0 0 0))
    )
  )

  (module LibraryLoader:SOT95P280X145-5N (layer F.Cu) (tedit 5D218E8A) (tstamp 5D206F25)
    (at 87.249 78.994)
    (descr "DBV (R-PDSO-G5)")
    (tags "Integrated Circuit")
    (path /5D227C49)
    (attr smd)
    (fp_text reference IC2 (at 0 -3.048) (layer F.SilkS)
      (effects (font (size 1.27 1.27) (thickness 0.254)))
    )
    (fp_text value SN74LV1T125DBVR (at -16.256 -25.019) (layer F.SilkS) hide
      (effects (font (size 1.27 1.27) (thickness 0.254)))
    )
    (fp_text user %R (at -23.495 -27.051) (layer F.Fab) hide
      (effects (font (size 1.27 1.27) (thickness 0.254)))
    )
    (fp_line (start -2.1 -1.775) (end 2.1 -1.775) (layer F.CrtYd) (width 0.05))
    (fp_line (start 2.1 -1.775) (end 2.1 1.775) (layer F.CrtYd) (width 0.05))
    (fp_line (start 2.1 1.775) (end -2.1 1.775) (layer F.CrtYd) (width 0.05))
    (fp_line (start -2.1 1.775) (end -2.1 -1.775) (layer F.CrtYd) (width 0.05))
    (fp_line (start -0.8 -1.45) (end 0.8 -1.45) (layer F.Fab) (width 0.1))
    (fp_line (start 0.8 -1.45) (end 0.8 1.45) (layer F.Fab) (width 0.1))
    (fp_line (start 0.8 1.45) (end -0.8 1.45) (layer F.Fab) (width 0.1))
    (fp_line (start -0.8 1.45) (end -0.8 -1.45) (layer F.Fab) (width 0.1))
    (fp_line (start -0.8 -0.5) (end 0.15 -1.45) (layer F.Fab) (width 0.1))
    (fp_line (start -0.3 -1.45) (end 0.3 -1.45) (layer F.SilkS) (width 0.2))
    (fp_line (start 0.3 -1.45) (end 0.3 1.45) (layer F.SilkS) (width 0.2))
    (fp_line (start 0.3 1.45) (end -0.3 1.45) (layer F.SilkS) (width 0.2))
    (fp_line (start -0.3 1.45) (end -0.3 -1.45) (layer F.SilkS) (width 0.2))
    (fp_line (start -1.85 -1.5) (end -0.65 -1.5) (layer F.SilkS) (width 0.2))
    (pad 1 smd rect (at -1.25 -0.95 90) (size 0.6 1.2) (layers F.Cu F.Paste F.Mask))
    (pad 2 smd rect (at -1.25 0 90) (size 0.6 1.2) (layers F.Cu F.Paste F.Mask)
      (net 12 /EN_IN0))
    (pad 3 smd rect (at -1.25 0.95 90) (size 0.6 1.2) (layers F.Cu F.Paste F.Mask)
      (net 20 GND))
    (pad 4 smd rect (at 1.25 0.95 90) (size 0.6 1.2) (layers F.Cu F.Paste F.Mask)
      (net 13 "Net-(IC2-Pad4)"))
    (pad 5 smd rect (at 1.25 -0.95 90) (size 0.6 1.2) (layers F.Cu F.Paste F.Mask)
      (net 1 VCC))
    (model "C:\\Users	akagiwa\\Documents\\PCBPartLibrary\\SamacSys_Parts.3dshapes\\SN74LV1T125DBVR.stp"
      (at (xyz 0 0 0))
      (scale (xyz 1 1 1))
      (rotate (xyz 0 0 0))
    )
  )

  (module LibraryLoader:SOT95P280X145-5N (layer F.Cu) (tedit 0) (tstamp 5D206F3D)
    (at 94.254 93.533)
    (descr "DBV (R-PDSO-G5)")
    (tags "Integrated Circuit")
    (path /5D225908)
    (attr smd)
    (fp_text reference IC3 (at -0.02 -2.728) (layer F.SilkS)
      (effects (font (size 1.27 1.27) (thickness 0.254)))
    )
    (fp_text value SN74LV1T125DBVR (at -24.658 22.291) (layer F.SilkS) hide
      (effects (font (size 1.27 1.27) (thickness 0.254)))
    )
    (fp_line (start -1.85 -1.5) (end -0.65 -1.5) (layer F.SilkS) (width 0.2))
    (fp_line (start -0.3 1.45) (end -0.3 -1.45) (layer F.SilkS) (width 0.2))
    (fp_line (start 0.3 1.45) (end -0.3 1.45) (layer F.SilkS) (width 0.2))
    (fp_line (start 0.3 -1.45) (end 0.3 1.45) (layer F.SilkS) (width 0.2))
    (fp_line (start -0.3 -1.45) (end 0.3 -1.45) (layer F.SilkS) (width 0.2))
    (fp_line (start -0.8 -0.5) (end 0.15 -1.45) (layer F.Fab) (width 0.1))
    (fp_line (start -0.8 1.45) (end -0.8 -1.45) (layer F.Fab) (width 0.1))
    (fp_line (start 0.8 1.45) (end -0.8 1.45) (layer F.Fab) (width 0.1))
    (fp_line (start 0.8 -1.45) (end 0.8 1.45) (layer F.Fab) (width 0.1))
    (fp_line (start -0.8 -1.45) (end 0.8 -1.45) (layer F.Fab) (width 0.1))
    (fp_line (start -2.1 1.775) (end -2.1 -1.775) (layer F.CrtYd) (width 0.05))
    (fp_line (start 2.1 1.775) (end -2.1 1.775) (layer F.CrtYd) (width 0.05))
    (fp_line (start 2.1 -1.775) (end 2.1 1.775) (layer F.CrtYd) (width 0.05))
    (fp_line (start -2.1 -1.775) (end 2.1 -1.775) (layer F.CrtYd) (width 0.05))
    (fp_text user %R (at -32.151 24.958) (layer F.Fab) hide
      (effects (font (size 1.27 1.27) (thickness 0.254)))
    )
    (pad 5 smd rect (at 1.25 -0.95 90) (size 0.6 1.2) (layers F.Cu F.Paste F.Mask)
      (net 3 +5V))
    (pad 4 smd rect (at 1.25 0.95 90) (size 0.6 1.2) (layers F.Cu F.Paste F.Mask)
      (net 8 "Net-(D3-Pad1)"))
    (pad 3 smd rect (at -1.25 0.95 90) (size 0.6 1.2) (layers F.Cu F.Paste F.Mask)
      (net 20 GND))
    (pad 2 smd rect (at -1.25 0 90) (size 0.6 1.2) (layers F.Cu F.Paste F.Mask)
      (net 14 /TX_OUT1))
    (pad 1 smd rect (at -1.25 -0.95 90) (size 0.6 1.2) (layers F.Cu F.Paste F.Mask)
      (net 10 "Net-(IC1-Pad4)"))
    (model "C:\\Users	akagiwa\\Documents\\PCBPartLibrary\\SamacSys_Parts.3dshapes\\SN74LV1T125DBVR.stp"
      (at (xyz 0 0 0))
      (scale (xyz 1 1 1))
      (rotate (xyz 0 0 0))
    )
  )

  (module LibraryLoader:SOT95P280X145-5N (layer F.Cu) (tedit 5D218F2C) (tstamp 5D207AD4)
    (at 94.361 80.899)
    (descr "DBV (R-PDSO-G5)")
    (tags "Integrated Circuit")
    (path /5D226845)
    (attr smd)
    (fp_text reference IC4 (at 0.127 -2.921) (layer F.SilkS)
      (effects (font (size 1.27 1.27) (thickness 0.254)))
    )
    (fp_text value SN74LV1T125DBVR (at -7.366 -31.623) (layer F.SilkS) hide
      (effects (font (size 1.27 1.27) (thickness 0.254)))
    )
    (fp_line (start -1.85 -1.5) (end -0.65 -1.5) (layer F.SilkS) (width 0.2))
    (fp_line (start -0.3 1.45) (end -0.3 -1.45) (layer F.SilkS) (width 0.2))
    (fp_line (start 0.3 1.45) (end -0.3 1.45) (layer F.SilkS) (width 0.2))
    (fp_line (start 0.3 -1.45) (end 0.3 1.45) (layer F.SilkS) (width 0.2))
    (fp_line (start -0.3 -1.45) (end 0.3 -1.45) (layer F.SilkS) (width 0.2))
    (fp_line (start -0.8 -0.5) (end 0.15 -1.45) (layer F.Fab) (width 0.1))
    (fp_line (start -0.8 1.45) (end -0.8 -1.45) (layer F.Fab) (width 0.1))
    (fp_line (start 0.8 1.45) (end -0.8 1.45) (layer F.Fab) (width 0.1))
    (fp_line (start 0.8 -1.45) (end 0.8 1.45) (layer F.Fab) (width 0.1))
    (fp_line (start -0.8 -1.45) (end 0.8 -1.45) (layer F.Fab) (width 0.1))
    (fp_line (start -2.1 1.775) (end -2.1 -1.775) (layer F.CrtYd) (width 0.05))
    (fp_line (start 2.1 1.775) (end -2.1 1.775) (layer F.CrtYd) (width 0.05))
    (fp_line (start 2.1 -1.775) (end 2.1 1.775) (layer F.CrtYd) (width 0.05))
    (fp_line (start -2.1 -1.775) (end 2.1 -1.775) (layer F.CrtYd) (width 0.05))
    (fp_text user %R (at -14.859 -29.083) (layer F.Fab) hide
      (effects (font (size 1.27 1.27) (thickness 0.254)))
    )
    (pad 5 smd rect (at 1.25 -0.95 90) (size 0.6 1.2) (layers F.Cu F.Paste F.Mask)
      (net 3 +5V))
    (pad 4 smd rect (at 1.25 0.95 90) (size 0.6 1.2) (layers F.Cu F.Paste F.Mask)
      (net 9 "Net-(D4-Pad1)"))
    (pad 3 smd rect (at -1.25 0.95 90) (size 0.6 1.2) (layers F.Cu F.Paste F.Mask)
      (net 20 GND))
    (pad 2 smd rect (at -1.25 0 90) (size 0.6 1.2) (layers F.Cu F.Paste F.Mask)
      (net 15 /TX_OUT0))
    (pad 1 smd rect (at -1.25 -0.95 90) (size 0.6 1.2) (layers F.Cu F.Paste F.Mask)
      (net 13 "Net-(IC2-Pad4)"))
    (model "C:\\Users	akagiwa\\Documents\\PCBPartLibrary\\SamacSys_Parts.3dshapes\\SN74LV1T125DBVR.stp"
      (at (xyz 0 0 0))
      (scale (xyz 1 1 1))
      (rotate (xyz 0 0 0))
    )
  )

  (module LibraryLoader:TO229P990X238-4N (layer F.Cu) (tedit 0) (tstamp 5D21DEF4)
    (at 120.265 91.78 270)
    (descr DPAK-3)
    (tags "Integrated Circuit")
    (path /5D2534B8)
    (attr smd)
    (fp_text reference IC5 (at 2.032 5.08 90) (layer F.SilkS)
      (effects (font (size 1.27 1.27) (thickness 0.254)))
    )
    (fp_text value MC7805CDTRKG (at -3.175 -28.702 90) (layer F.SilkS) hide
      (effects (font (size 1.27 1.27) (thickness 0.254)))
    )
    (fp_text user %R (at 4.826 -25.527 90) (layer F.Fab) hide
      (effects (font (size 1.27 1.27) (thickness 0.254)))
    )
    (fp_line (start -2.095 3.365) (end 4.125 3.365) (layer F.CrtYd) (width 0.001))
    (fp_line (start 4.125 3.365) (end 4.125 -3.365) (layer F.CrtYd) (width 0.001))
    (fp_line (start 4.125 -3.365) (end -2.095 -3.365) (layer F.CrtYd) (width 0.001))
    (fp_line (start -2.095 -3.365) (end -2.095 3.365) (layer F.CrtYd) (width 0.001))
    (fp_line (start -5.85 3.65) (end 5.85 3.65) (layer F.CrtYd) (width 0.05))
    (fp_line (start 5.85 3.65) (end 5.85 -3.65) (layer F.CrtYd) (width 0.05))
    (fp_line (start 5.85 -3.65) (end -5.85 -3.65) (layer F.CrtYd) (width 0.05))
    (fp_line (start -5.85 -3.65) (end -5.85 3.65) (layer F.CrtYd) (width 0.05))
    (fp_line (start 0 0.5) (end 0 -0.5) (layer F.CrtYd) (width 0.05))
    (fp_line (start -0.5 0) (end 0.5 0) (layer F.CrtYd) (width 0.05))
    (fp_line (start -2.032 3.27) (end 4.062 3.27) (layer F.Fab) (width 0.1))
    (fp_line (start 4.062 3.27) (end 4.062 -3.27) (layer F.Fab) (width 0.1))
    (fp_line (start 4.062 -3.27) (end -2.032 -3.27) (layer F.Fab) (width 0.1))
    (fp_line (start -2.032 -3.27) (end -2.032 3.27) (layer F.Fab) (width 0.1))
    (fp_line (start 4.062 2.508) (end 4.356 2.508) (layer F.Fab) (width 0.1))
    (fp_line (start 4.356 2.508) (end 4.952 1.846) (layer F.Fab) (width 0.1))
    (fp_line (start 4.952 1.846) (end 4.952 -1.847) (layer F.Fab) (width 0.1))
    (fp_line (start 4.952 -1.847) (end 4.356 -2.508) (layer F.Fab) (width 0.1))
    (fp_line (start 4.356 -2.508) (end 4.062 -2.508) (layer F.Fab) (width 0.1))
    (fp_line (start -0.75 3.25) (end -2.35 3.25) (layer F.SilkS) (width 0.2))
    (fp_line (start -2.35 3.25) (end -2.35 -3.25) (layer F.SilkS) (width 0.2))
    (fp_line (start -2.35 -3.25) (end -0.75 -3.25) (layer F.SilkS) (width 0.2))
    (fp_circle (center -5.3 -3.3) (end -5.3 -3.175) (layer F.SilkS) (width 0.25))
    (pad 1 smd rect (at -4.15 -2.29) (size 1 2.85) (layers F.Cu F.Paste F.Mask)
      (net 2 VDDA))
    (pad 2 smd rect (at -4.15 0) (size 1 2.85) (layers F.Cu F.Paste F.Mask)
      (net 20 GND))
    (pad 3 smd rect (at -4.15 2.29) (size 1 2.85) (layers F.Cu F.Paste F.Mask)
      (net 3 +5V))
    (pad 4 smd rect (at 2.6 0) (size 5.55 5.95) (layers F.Cu F.Paste F.Mask)
      (net 20 GND))
  )

  (module LibraryLoader:SOT95P280X145-5N (layer F.Cu) (tedit 0) (tstamp 5D21DB5D)
    (at 86.995 97.155 180)
    (descr "DBV (R-PDSO-G5)")
    (tags "Integrated Circuit")
    (path /5D226099)
    (attr smd)
    (fp_text reference IC6 (at 0 2.667) (layer F.SilkS)
      (effects (font (size 1.27 1.27) (thickness 0.254)))
    )
    (fp_text value SN74LV1T125DBVR (at 17.78 -27.432) (layer F.SilkS) hide
      (effects (font (size 1.27 1.27) (thickness 0.254)))
    )
    (fp_text user %R (at 25.146 -29.464) (layer F.Fab) hide
      (effects (font (size 1.27 1.27) (thickness 0.254)))
    )
    (fp_line (start -2.1 -1.775) (end 2.1 -1.775) (layer F.CrtYd) (width 0.05))
    (fp_line (start 2.1 -1.775) (end 2.1 1.775) (layer F.CrtYd) (width 0.05))
    (fp_line (start 2.1 1.775) (end -2.1 1.775) (layer F.CrtYd) (width 0.05))
    (fp_line (start -2.1 1.775) (end -2.1 -1.775) (layer F.CrtYd) (width 0.05))
    (fp_line (start -0.8 -1.45) (end 0.8 -1.45) (layer F.Fab) (width 0.1))
    (fp_line (start 0.8 -1.45) (end 0.8 1.45) (layer F.Fab) (width 0.1))
    (fp_line (start 0.8 1.45) (end -0.8 1.45) (layer F.Fab) (width 0.1))
    (fp_line (start -0.8 1.45) (end -0.8 -1.45) (layer F.Fab) (width 0.1))
    (fp_line (start -0.8 -0.5) (end 0.15 -1.45) (layer F.Fab) (width 0.1))
    (fp_line (start -0.3 -1.45) (end 0.3 -1.45) (layer F.SilkS) (width 0.2))
    (fp_line (start 0.3 -1.45) (end 0.3 1.45) (layer F.SilkS) (width 0.2))
    (fp_line (start 0.3 1.45) (end -0.3 1.45) (layer F.SilkS) (width 0.2))
    (fp_line (start -0.3 1.45) (end -0.3 -1.45) (layer F.SilkS) (width 0.2))
    (fp_line (start -1.85 -1.5) (end -0.65 -1.5) (layer F.SilkS) (width 0.2))
    (pad 1 smd rect (at -1.25 -0.95 270) (size 0.6 1.2) (layers F.Cu F.Paste F.Mask)
      (net 11 /EX_IN1))
    (pad 2 smd rect (at -1.25 0 270) (size 0.6 1.2) (layers F.Cu F.Paste F.Mask)
      (net 16 "Net-(IC6-Pad2)"))
    (pad 3 smd rect (at -1.25 0.95 270) (size 0.6 1.2) (layers F.Cu F.Paste F.Mask)
      (net 20 GND))
    (pad 4 smd rect (at 1.25 0.95 270) (size 0.6 1.2) (layers F.Cu F.Paste F.Mask)
      (net 17 /RX_IN1))
    (pad 5 smd rect (at 1.25 -0.95 270) (size 0.6 1.2) (layers F.Cu F.Paste F.Mask)
      (net 1 VCC))
    (model "C:\\Users	akagiwa\\Documents\\PCBPartLibrary\\SamacSys_Parts.3dshapes\\SN74LV1T125DBVR.stp"
      (at (xyz 0 0 0))
      (scale (xyz 1 1 1))
      (rotate (xyz 0 0 0))
    )
  )

  (module LibraryLoader:SOT95P280X145-5N (layer F.Cu) (tedit 0) (tstamp 5D206FA5)
    (at 86.995 84.582 180)
    (descr "DBV (R-PDSO-G5)")
    (tags "Integrated Circuit")
    (path /5D226EE2)
    (attr smd)
    (fp_text reference IC7 (at -0.254 2.667) (layer F.SilkS)
      (effects (font (size 1.27 1.27) (thickness 0.254)))
    )
    (fp_text value SN74LV1T125DBVR (at -22.479 36.322) (layer F.SilkS) hide
      (effects (font (size 1.27 1.27) (thickness 0.254)))
    )
    (fp_text user %R (at -15.367 33.782) (layer F.Fab) hide
      (effects (font (size 1.27 1.27) (thickness 0.254)))
    )
    (fp_line (start -2.1 -1.775) (end 2.1 -1.775) (layer F.CrtYd) (width 0.05))
    (fp_line (start 2.1 -1.775) (end 2.1 1.775) (layer F.CrtYd) (width 0.05))
    (fp_line (start 2.1 1.775) (end -2.1 1.775) (layer F.CrtYd) (width 0.05))
    (fp_line (start -2.1 1.775) (end -2.1 -1.775) (layer F.CrtYd) (width 0.05))
    (fp_line (start -0.8 -1.45) (end 0.8 -1.45) (layer F.Fab) (width 0.1))
    (fp_line (start 0.8 -1.45) (end 0.8 1.45) (layer F.Fab) (width 0.1))
    (fp_line (start 0.8 1.45) (end -0.8 1.45) (layer F.Fab) (width 0.1))
    (fp_line (start -0.8 1.45) (end -0.8 -1.45) (layer F.Fab) (width 0.1))
    (fp_line (start -0.8 -0.5) (end 0.15 -1.45) (layer F.Fab) (width 0.1))
    (fp_line (start -0.3 -1.45) (end 0.3 -1.45) (layer F.SilkS) (width 0.2))
